nodal
2
486
2	-1.230056E-07	-7.875755E-08	
3	-2.422379E-07	-1.797045E-07	
4	-3.560117E-07	-3.403521E-07	
5	-4.637971E-07	-5.562261E-07	
6	-5.649868E-07	-8.244461E-07	
7	-6.595933E-07	-1.141555E-06	
8	-7.476094E-07	-1.504273E-06	
9	-8.290373E-07	-1.909301E-06	
10	-9.038770E-07	-2.353346E-06	
11	-9.721284E-07	-2.833113E-06	
12	-1.033792E-06	-3.345309E-06	
13	-1.088867E-06	-3.886640E-06	
14	-1.137353E-06	-4.453811E-06	
15	-1.179252E-06	-5.043529E-06	
16	-1.214562E-06	-5.652498E-06	
17	-1.243284E-06	-6.277426E-06	
18	-1.265418E-06	-6.915017E-06	
19	-1.280963E-06	-7.561978E-06	
20	-1.289921E-06	-8.215015E-06	
21	-1.292290E-06	-8.870834E-06	
22	-1.288070E-06	-9.526140E-06	
23	-1.277263E-06	-1.017764E-05	
24	-1.259867E-06	-1.082204E-05	
25	-1.235883E-06	-1.145604E-05	
26	-1.205311E-06	-1.207636E-05	
27	-1.168151E-06	-1.267969E-05	
28	-1.124404E-06	-1.326274E-05	
29	-1.074069E-06	-1.382223E-05	
30	-1.017145E-06	-1.435485E-05	
31	-9.536214E-07	-1.485733E-05	
32	-8.834635E-07	-1.532636E-05	
33	-8.066189E-07	-1.575856E-05	
34	-7.230763E-07	-1.615042E-05	
35	-6.330149E-07	-1.649832E-05	
36	-5.369473E-07	-1.679872E-05	
37	-4.357173E-07	-1.704850E-05	
38	-3.303539E-07	-1.724518E-05	
39	-2.219222E-07	-1.738692E-05	
40	-1.114651E-07	-1.747247E-05	
41	-1.945894E-19	-1.750106E-05	
42	1.114651E-07	-1.747247E-05	
43	2.219222E-07	-1.738692E-05	
44	3.303539E-07	-1.724518E-05	
45	4.357173E-07	-1.704850E-05	
46	5.369473E-07	-1.679872E-05	
47	6.330149E-07	-1.649832E-05	
48	7.230763E-07	-1.615042E-05	
49	8.066189E-07	-1.575856E-05	
50	8.834635E-07	-1.532636E-05	
51	9.536214E-07	-1.485733E-05	
52	1.017145E-06	-1.435485E-05	
53	1.074069E-06	-1.382223E-05	
54	1.124404E-06	-1.326274E-05	
55	1.168151E-06	-1.267969E-05	
56	1.205311E-06	-1.207636E-05	
57	1.235883E-06	-1.145604E-05	
58	1.259867E-06	-1.082204E-05	
59	1.277263E-06	-1.017764E-05	
60	1.288070E-06	-9.526140E-06	
61	1.292290E-06	-8.870834E-06	
62	1.289921E-06	-8.215015E-06	
63	1.280963E-06	-7.561978E-06	
64	1.265418E-06	-6.915017E-06	
65	1.243284E-06	-6.277426E-06	
66	1.214562E-06	-5.652498E-06	
67	1.179252E-06	-5.043529E-06	
68	1.137353E-06	-4.453811E-06	
69	1.088867E-06	-3.886640E-06	
70	1.033792E-06	-3.345309E-06	
71	9.721284E-07	-2.833113E-06	
72	9.038770E-07	-2.353346E-06	
73	8.290373E-07	-1.909301E-06	
74	7.476094E-07	-1.504273E-06	
75	6.595933E-07	-1.141555E-06	
76	5.649868E-07	-8.244461E-07	
77	4.637971E-07	-5.562261E-07	
78	3.560117E-07	-3.403521E-07	
79	2.422379E-07	-1.797045E-07	
80	1.230056E-07	-7.875755E-08	
83	-5.342482E-08	-3.586870E-08	
84	-1.162308E-07	-1.420499E-07	
85	-1.741028E-07	-3.044534E-07	
86	-2.280938E-07	-5.226471E-07	
87	-2.787400E-07	-7.929644E-07	
88	-3.260908E-07	-1.112196E-06	
89	-3.701487E-07	-1.477030E-06	
90	-4.109127E-07	-1.884176E-06	
91	-4.483825E-07	-2.330338E-06	
92	-4.825583E-07	-2.812223E-06	
93	-5.134399E-07	-3.326537E-06	
94	-5.410274E-07	-3.869986E-06	
95	-5.653208E-07	-4.439274E-06	
96	-5.863200E-07	-5.031109E-06	
97	-6.040252E-07	-5.642197E-06	
98	-6.184362E-07	-6.269242E-06	
99	-6.295531E-07	-6.908951E-06	
100	-6.373759E-07	-7.558030E-06	
101	-6.419046E-07	-8.213184E-06	
102	-6.431391E-07	-8.871121E-06	
103	-6.410796E-07	-9.528544E-06	
104	-6.357259E-07	-1.018216E-05	
105	-6.270781E-07	-1.082868E-05	
106	-6.151362E-07	-1.146480E-05	
107	-5.999001E-07	-1.208723E-05	
108	-5.813699E-07	-1.269268E-05	
109	-5.595454E-07	-1.327785E-05	
110	-5.344267E-07	-1.383945E-05	
111	-5.060147E-07	-1.437420E-05	
112	-4.743126E-07	-1.487879E-05	
113	-4.393272E-07	-1.534995E-05	
114	-4.010490E-07	-1.578431E-05	
115	-3.594681E-07	-1.617835E-05	
116	-3.146433E-07	-1.652835E-05	
117	-2.668308E-07	-1.683060E-05	
118	-2.164825E-07	-1.708188E-05	
119	-1.641165E-07	-1.727970E-05	
120	-1.102481E-07	-1.742225E-05	
121	-5.537554E-08	-1.750828E-05	
122	-5.858610E-20	-1.753704E-05	
123	5.537554E-08	-1.750828E-05	
124	1.102481E-07	-1.742225E-05	
125	1.641165E-07	-1.727970E-05	
126	2.164825E-07	-1.708188E-05	
127	2.668308E-07	-1.683060E-05	
128	3.146433E-07	-1.652835E-05	
129	3.594681E-07	-1.617835E-05	
130	4.010490E-07	-1.578431E-05	
131	4.393272E-07	-1.534995E-05	
132	4.743126E-07	-1.487879E-05	
133	5.060147E-07	-1.437420E-05	
134	5.344267E-07	-1.383945E-05	
135	5.595454E-07	-1.327785E-05	
136	5.813699E-07	-1.269268E-05	
137	5.999001E-07	-1.208723E-05	
138	6.151362E-07	-1.146480E-05	
139	6.270781E-07	-1.082868E-05	
140	6.357259E-07	-1.018216E-05	
141	6.410796E-07	-9.528544E-06	
142	6.431391E-07	-8.871121E-06	
143	6.419046E-07	-8.213184E-06	
144	6.373759E-07	-7.558030E-06	
145	6.295531E-07	-6.908951E-06	
146	6.184362E-07	-6.269242E-06	
147	6.040252E-07	-5.642197E-06	
148	5.863200E-07	-5.031109E-06	
149	5.653208E-07	-4.439274E-06	
150	5.410274E-07	-3.869986E-06	
151	5.134399E-07	-3.326537E-06	
152	4.825583E-07	-2.812223E-06	
153	4.483825E-07	-2.330338E-06	
154	4.109127E-07	-1.884176E-06	
155	3.701487E-07	-1.477030E-06	
156	3.260908E-07	-1.112196E-06	
157	2.787400E-07	-7.929644E-07	
158	2.280938E-07	-5.226471E-07	
159	1.741028E-07	-3.044534E-07	
160	1.162308E-07	-1.420499E-07	
161	5.342482E-08	-3.586870E-08	
164	-8.395750E-11	-2.453473E-08	
165	-1.816007E-10	-1.282126E-07	
166	-2.848202E-10	-2.925284E-07	
167	-3.868420E-10	-5.113958E-07	
168	-4.876660E-10	-7.824475E-07	
169	-5.879098E-10	-1.102380E-06	
170	-6.879750E-10	-1.467920E-06	
171	-7.880114E-10	-1.875772E-06	
172	-8.880545E-10	-2.322640E-06	
173	-9.881052E-10	-2.805231E-06	
174	-1.088160E-09	-3.320251E-06	
175	-1.188215E-09	-3.864405E-06	
176	-1.288271E-09	-4.434400E-06	
177	-1.388326E-09	-5.026941E-06	
178	-1.488382E-09	-5.638734E-06	
179	-1.588437E-09	-6.266485E-06	
180	-1.688493E-09	-6.906900E-06	
181	-1.788548E-09	-7.556685E-06	
182	-1.888604E-09	-8.212545E-06	
183	-1.988660E-09	-8.871188E-06	
184	-2.088718E-09	-9.529317E-06	
185	-2.188779E-09	-1.018364E-05	
186	-2.288838E-09	-1.083086E-05	
187	-2.388869E-09	-1.146769E-05	
188	-2.488796E-09	-1.209083E-05	
189	-2.588457E-09	-1.269698E-05	
190	-2.687737E-09	-1.328286E-05	
191	-2.787342E-09	-1.384517E-05	
192	-2.891283E-09	-1.438061E-05	
193	-3.012179E-09	-1.488589E-05	
194	-3.174593E-09	-1.535772E-05	
195	-3.401310E-09	-1.579282E-05	
196	-3.529808E-09	-1.618783E-05	
197	-3.321459E-09	-1.653893E-05	
198	-2.777452E-09	-1.684202E-05	
199	-2.138524E-09	-1.709382E-05	
200	-1.564291E-09	-1.729199E-05	
201	-1.030702E-09	-1.743479E-05	
202	-5.132879E-10	-1.752097E-05	
203	1.027894E-19	-1.754978E-05	
204	5.132879E-10	-1.752097E-05	
205	1.030702E-09	-1.743479E-05	
206	1.564291E-09	-1.729199E-05	
207	2.138524E-09	-1.709382E-05	
208	2.777452E-09	-1.684202E-05	
209	3.321459E-09	-1.653893E-05	
210	3.529808E-09	-1.618783E-05	
211	3.401310E-09	-1.579282E-05	
212	3.174593E-09	-1.535772E-05	
213	3.012179E-09	-1.488589E-05	
214	2.891283E-09	-1.438061E-05	
215	2.787342E-09	-1.384517E-05	
216	2.687737E-09	-1.328286E-05	
217	2.588457E-09	-1.269698E-05	
218	2.488796E-09	-1.209083E-05	
219	2.388869E-09	-1.146769E-05	
220	2.288838E-09	-1.083086E-05	
221	2.188779E-09	-1.018364E-05	
222	2.088718E-09	-9.529317E-06	
223	1.988660E-09	-8.871188E-06	
224	1.888604E-09	-8.212545E-06	
225	1.788548E-09	-7.556685E-06	
226	1.688493E-09	-6.906900E-06	
227	1.588437E-09	-6.266485E-06	
228	1.488382E-09	-5.638734E-06	
229	1.388326E-09	-5.026941E-06	
230	1.288271E-09	-4.434400E-06	
231	1.188215E-09	-3.864405E-06	
232	1.088160E-09	-3.320251E-06	
233	9.881052E-10	-2.805231E-06	
234	8.880545E-10	-2.322640E-06	
235	7.880114E-10	-1.875772E-06	
236	6.879750E-10	-1.467920E-06	
237	5.879098E-10	-1.102380E-06	
238	4.876660E-10	-7.824475E-07	
239	3.868419E-10	-5.113958E-07	
240	2.848202E-10	-2.925284E-07	
241	1.816007E-10	-1.282126E-07	
242	8.395750E-11	-2.453473E-08	
245	5.325516E-08	-3.581134E-08	
246	1.158589E-07	-1.419642E-07	
247	1.735289E-07	-3.043645E-07	
248	2.273186E-07	-5.225594E-07	
249	2.777644E-07	-7.928779E-07	
250	3.249150E-07	-1.112110E-06	
251	3.687728E-07	-1.476944E-06	
252	4.093367E-07	-1.884090E-06	
253	4.466064E-07	-2.330252E-06	
254	4.805820E-07	-2.812138E-06	
255	5.112636E-07	-3.326451E-06	
256	5.386509E-07	-3.869900E-06	
257	5.627442E-07	-4.439189E-06	
258	5.835434E-07	-5.031024E-06	
259	6.010484E-07	-5.642111E-06	
260	6.152593E-07	-6.269156E-06	
261	6.261761E-07	-6.908865E-06	
262	6.337988E-07	-7.557944E-06	
263	6.381274E-07	-8.213099E-06	
264	6.391618E-07	-8.871035E-06	
265	6.369022E-07	-9.528458E-06	
266	6.313484E-07	-1.018208E-05	
267	6.225005E-07	-1.082859E-05	
268	6.103584E-07	-1.146471E-05	
269	5.949223E-07	-1.208715E-05	
270	5.761922E-07	-1.269259E-05	
271	5.541680E-07	-1.327777E-05	
272	5.288499E-07	-1.383936E-05	
273	5.002368E-07	-1.437409E-05	
274	4.683256E-07	-1.487865E-05	
275	4.331062E-07	-1.534974E-05	
276	3.945560E-07	-1.578411E-05	
277	3.526305E-07	-1.617887E-05	
278	3.082201E-07	-1.653051E-05	
279	2.615740E-07	-1.683344E-05	
280	2.123206E-07	-1.708472E-05	
281	1.610145E-07	-1.728248E-05	
282	1.081843E-07	-1.742499E-05	
283	5.434402E-08	-1.751100E-05	
284	5.604773E-19	-1.753975E-05	
285	-5.434402E-08	-1.751100E-05	
286	-1.081843E-07	-1.742499E-05	
287	-1.610145E-07	-1.728248E-05	
288	-2.123206E-07	-1.708472E-05	
289	-2.615740E-07	-1.683344E-05	
290	-3.082201E-07	-1.653051E-05	
291	-3.526305E-07	-1.617887E-05	
292	-3.945560E-07	-1.578411E-05	
293	-4.331062E-07	-1.534974E-05	
294	-4.683256E-07	-1.487865E-05	
295	-5.002368E-07	-1.437409E-05	
296	-5.288499E-07	-1.383936E-05	
297	-5.541680E-07	-1.327777E-05	
298	-5.761922E-07	-1.269259E-05	
299	-5.949223E-07	-1.208715E-05	
300	-6.103584E-07	-1.146471E-05	
301	-6.225005E-07	-1.082859E-05	
302	-6.313484E-07	-1.018208E-05	
303	-6.369022E-07	-9.528458E-06	
304	-6.391618E-07	-8.871035E-06	
305	-6.381274E-07	-8.213099E-06	
306	-6.337988E-07	-7.557944E-06	
307	-6.261761E-07	-6.908865E-06	
308	-6.152593E-07	-6.269156E-06	
309	-6.010484E-07	-5.642111E-06	
310	-5.835434E-07	-5.031024E-06	
311	-5.627442E-07	-4.439189E-06	
312	-5.386509E-07	-3.869900E-06	
313	-5.112636E-07	-3.326451E-06	
314	-4.805820E-07	-2.812138E-06	
315	-4.466064E-07	-2.330252E-06	
316	-4.093367E-07	-1.884090E-06	
317	-3.687728E-07	-1.476944E-06	
318	-3.249150E-07	-1.112110E-06	
319	-2.777644E-07	-7.928779E-07	
320	-2.273186E-07	-5.225594E-07	
321	-1.735289E-07	-3.043645E-07	
322	-1.158589E-07	-1.419642E-07	
323	-5.325516E-08	-3.581134E-08	
326	1.227996E-07	-7.861808E-08	
327	2.418467E-07	-1.795372E-07	
328	3.554312E-07	-3.401778E-07	
329	4.630207E-07	-5.560525E-07	
330	5.640113E-07	-8.242737E-07	
331	6.584177E-07	-1.141383E-06	
332	7.462336E-07	-1.504101E-06	
333	8.274614E-07	-1.909129E-06	
334	9.021009E-07	-2.353174E-06	
335	9.701522E-07	-2.832942E-06	
336	1.031615E-06	-3.345138E-06	
337	1.086490E-06	-3.886469E-06	
338	1.134777E-06	-4.453640E-06	
339	1.176475E-06	-5.043357E-06	
340	1.211585E-06	-5.652327E-06	
341	1.240107E-06	-6.277254E-06	
342	1.262041E-06	-6.914846E-06	
343	1.277386E-06	-7.561807E-06	
344	1.286143E-06	-8.214844E-06	
345	1.288312E-06	-8.870662E-06	
346	1.283893E-06	-9.525968E-06	
347	1.272886E-06	-1.017747E-05	
348	1.255290E-06	-1.082187E-05	
349	1.231106E-06	-1.145587E-05	
350	1.200334E-06	-1.207618E-05	
351	1.162973E-06	-1.267952E-05	
352	1.119023E-06	-1.326257E-05	
353	1.068484E-06	-1.382205E-05	
354	1.011357E-06	-1.435466E-05	
355	9.476548E-07	-1.485709E-05	
356	8.774094E-07	-1.532607E-05	
357	8.007102E-07	-1.575839E-05	
358	7.175984E-07	-1.615092E-05	
359	6.279179E-07	-1.650315E-05	
360	5.322270E-07	-1.680419E-05	
361	4.316795E-07	-1.705407E-05	
362	3.272397E-07	-1.725068E-05	
363	2.198271E-07	-1.739238E-05	
364	1.104154E-07	-1.747790E-05	
365	4.731707E-19	-1.750649E-05	
366	-1.104154E-07	-1.747790E-05	
367	-2.198271E-07	-1.739238E-05	
368	-3.272397E-07	-1.725068E-05	
369	-4.316795E-07	-1.705407E-05	
370	-5.322270E-07	-1.680419E-05	
371	-6.279179E-07	-1.650315E-05	
372	-7.175984E-07	-1.615092E-05	
373	-8.007102E-07	-1.575839E-05	
374	-8.774094E-07	-1.532607E-05	
375	-9.476548E-07	-1.485709E-05	
376	-1.011357E-06	-1.435466E-05	
377	-1.068484E-06	-1.382205E-05	
378	-1.119023E-06	-1.326257E-05	
379	-1.162973E-06	-1.267952E-05	
380	-1.200334E-06	-1.207618E-05	
381	-1.231106E-06	-1.145587E-05	
382	-1.255290E-06	-1.082187E-05	
383	-1.272886E-06	-1.017747E-05	
384	-1.283893E-06	-9.525968E-06	
385	-1.288312E-06	-8.870662E-06	
386	-1.286143E-06	-8.214844E-06	
387	-1.277386E-06	-7.561807E-06	
388	-1.262041E-06	-6.914846E-06	
389	-1.240107E-06	-6.277254E-06	
390	-1.211585E-06	-5.652327E-06	
391	-1.176475E-06	-5.043357E-06	
392	-1.134777E-06	-4.453640E-06	
393	-1.086490E-06	-3.886469E-06	
394	-1.031615E-06	-3.345138E-06	
395	-9.701522E-07	-2.832942E-06	
396	-9.021009E-07	-2.353174E-06	
397	-8.274614E-07	-1.909129E-06	
398	-7.462336E-07	-1.504101E-06	
399	-6.584177E-07	-1.141383E-06	
400	-5.640113E-07	-8.242737E-07	
401	-4.630207E-07	-5.560525E-07	
402	-3.554312E-07	-3.401778E-07	
403	-2.418467E-07	-1.795372E-07	
404	-1.227996E-07	-7.861808E-08	
406	-1.194470E-08	-1.714425E-05	
407	-8.324091E-09	-1.715166E-05	
408	-5.270807E-09	-1.715182E-05	
409	-2.576236E-09	-1.715369E-05	
410	8.109568E-19	-1.715273E-05	
411	2.576236E-09	-1.715369E-05	
412	5.270807E-09	-1.715182E-05	
413	8.324091E-09	-1.715166E-05	
414	1.194470E-08	-1.714425E-05	
415	-8.757303E-09	-1.715005E-05	
416	-6.464451E-09	-1.715393E-05	
417	-4.544000E-09	-1.715527E-05	
418	-2.281060E-09	-1.715622E-05	
419	7.675241E-19	-1.715612E-05	
420	2.281060E-09	-1.715622E-05	
421	4.544000E-09	-1.715527E-05	
422	6.464451E-09	-1.715393E-05	
423	8.757303E-09	-1.715005E-05	
424	-7.809889E-09	-1.715469E-05	
425	-5.598106E-09	-1.715672E-05	
426	-3.857400E-09	-1.715818E-05	
427	-1.994406E-09	-1.715899E-05	
428	8.448716E-19	-1.715911E-05	
429	1.994406E-09	-1.715899E-05	
430	3.857400E-09	-1.715818E-05	
431	5.598106E-09	-1.715672E-05	
432	7.809889E-09	-1.715469E-05	
433	-7.436523E-09	-1.715867E-05	
434	-5.294294E-09	-1.715979E-05	
435	-3.509912E-09	-1.716100E-05	
436	-1.786027E-09	-1.716176E-05	
437	3.718262E-19	-1.716197E-05	
438	1.786027E-09	-1.716176E-05	
439	3.509912E-09	-1.716100E-05	
440	5.294294E-09	-1.715979E-05	
441	7.436523E-09	-1.715867E-05	
442	-7.290631E-09	-1.716226E-05	
443	-5.214883E-09	-1.716293E-05	
444	-3.388083E-09	-1.716388E-05	
445	-1.687678E-09	-1.716455E-05	
446	0.000000E+00	-1.716477E-05	
447	1.687678E-09	-1.716455E-05	
448	3.388083E-09	-1.716388E-05	
449	5.214883E-09	-1.716293E-05	
450	7.290631E-09	-1.716226E-05	
451	-7.220124E-09	-1.716560E-05	
452	-5.207005E-09	-1.716606E-05	
453	-3.363753E-09	-1.716680E-05	
454	-1.656887E-09	-1.716739E-05	
455	0.000000E+00	-1.716760E-05	
456	1.656887E-09	-1.716739E-05	
457	3.363753E-09	-1.716680E-05	
458	5.207005E-09	-1.716606E-05	
459	7.220124E-09	-1.716560E-05	
460	-7.143076E-09	-1.716878E-05	
461	-5.183308E-09	-1.716916E-05	
462	-3.348118E-09	-1.716976E-05	
463	-1.642126E-09	-1.717027E-05	
464	0.000000E+00	-1.717046E-05	
465	1.642126E-09	-1.717027E-05	
466	3.348118E-09	-1.716976E-05	
467	5.183308E-09	-1.716916E-05	
468	7.143076E-09	-1.716878E-05	
469	-7.008300E-09	-1.717185E-05	
470	-5.086010E-09	-1.717222E-05	
471	-3.275151E-09	-1.717273E-05	
472	-1.596882E-09	-1.717318E-05	
473	0.000000E+00	-1.717336E-05	
474	1.596882E-09	-1.717318E-05	
475	3.275151E-09	-1.717273E-05	
476	5.086010E-09	-1.717222E-05	
477	7.008300E-09	-1.717185E-05	
478	-6.805449E-09	-1.717489E-05	
479	-4.877179E-09	-1.717524E-05	
480	-3.071555E-09	-1.717570E-05	
481	-1.466940E-09	-1.717610E-05	
482	0.000000E+00	-1.717626E-05	
483	1.466940E-09	-1.717610E-05	
484	3.071555E-09	-1.717570E-05	
485	4.877179E-09	-1.717524E-05	
486	6.805449E-09	-1.717489E-05	
