nodal
2
2832
307	-1.039200E-06	-1.055450E-06	
308	-7.083356E-07	-6.212175E-07	
309	-5.800071E-07	-5.205320E-07	
310	-5.119665E-07	-4.665196E-07	
311	-4.671031E-07	-4.369949E-07	
312	-4.336985E-07	-4.186972E-07	
313	-4.065465E-07	-4.070743E-07	
314	-3.830616E-07	-3.996809E-07	
315	-3.617678E-07	-3.951739E-07	
316	-3.417538E-07	-3.927174E-07	
317	-3.224203E-07	-3.917561E-07	
318	-3.033577E-07	-3.918964E-07	
319	-2.842799E-07	-3.928453E-07	
320	-2.649868E-07	-3.943753E-07	
321	-2.453406E-07	-3.963040E-07	
322	-2.252514E-07	-3.984813E-07	
323	-2.046669E-07	-4.007815E-07	
324	-1.835650E-07	-4.030982E-07	
325	-1.619487E-07	-4.053409E-07	
326	-1.398415E-07	-4.074326E-07	
327	-1.172840E-07	-4.093085E-07	
328	-9.433079E-08	-4.109149E-07	
329	-7.104793E-08	-4.122085E-07	
330	-4.751021E-08	-4.131562E-07	
331	-2.379901E-08	-4.137341E-07	
332	2.571329E-15	-4.139283E-07	
333	2.379902E-08	-4.137341E-07	
334	4.751022E-08	-4.131562E-07	
335	7.104794E-08	-4.122085E-07	
336	9.433080E-08	-4.109149E-07	
337	1.172840E-07	-4.093085E-07	
338	1.398415E-07	-4.074326E-07	
339	1.619487E-07	-4.053409E-07	
340	1.835650E-07	-4.030982E-07	
341	2.046669E-07	-4.007815E-07	
342	2.252514E-07	-3.984813E-07	
343	2.453406E-07	-3.963040E-07	
344	2.649868E-07	-3.943753E-07	
345	2.842800E-07	-3.928453E-07	
346	3.033577E-07	-3.918964E-07	
347	3.224203E-07	-3.917561E-07	
348	3.417538E-07	-3.927174E-07	
349	3.617678E-07	-3.951739E-07	
350	3.830616E-07	-3.996809E-07	
351	4.065466E-07	-4.070743E-07	
352	4.336985E-07	-4.186972E-07	
353	4.671031E-07	-4.369949E-07	
354	5.119665E-07	-4.665196E-07	
355	5.800071E-07	-5.205320E-07	
356	7.083356E-07	-6.212175E-07	
357	1.039200E-06	-1.055450E-06	
358	-1.692268E-06	-1.802028E-06	
359	-1.425556E-06	-1.327322E-06	
360	-1.203395E-06	-1.086236E-06	
361	-1.061033E-06	-9.692317E-07	
362	-9.617228E-07	-9.010472E-07	
363	-8.867963E-07	-8.592766E-07	
364	-8.262779E-07	-8.327101E-07	
365	-7.745949E-07	-8.158440E-07	
366	-7.284216E-07	-8.055318E-07	
367	-6.856524E-07	-7.998463E-07	
368	-6.448914E-07	-7.975128E-07	
369	-6.051808E-07	-7.976376E-07	
370	-5.658503E-07	-7.995604E-07	
371	-5.264274E-07	-8.027730E-07	
372	-4.865827E-07	-8.068702E-07	
373	-4.460941E-07	-8.115208E-07	
374	-4.048228E-07	-8.164485E-07	
375	-3.626960E-07	-8.214203E-07	
376	-3.196946E-07	-8.262385E-07	
377	-2.758431E-07	-8.307356E-07	
378	-2.312020E-07	-8.347707E-07	
379	-1.858607E-07	-8.382273E-07	
380	-1.399324E-07	-8.410115E-07	
381	-9.354832E-08	-8.430513E-07	
382	-4.685304E-08	-8.442955E-07	
383	5.662179E-15	-8.447136E-07	
384	4.685306E-08	-8.442955E-07	
385	9.354834E-08	-8.430513E-07	
386	1.399324E-07	-8.410115E-07	
387	1.858607E-07	-8.382273E-07	
388	2.312020E-07	-8.347707E-07	
389	2.758432E-07	-8.307356E-07	
390	3.196947E-07	-8.262385E-07	
391	3.626961E-07	-8.214203E-07	
392	4.048228E-07	-8.164485E-07	
393	4.460942E-07	-8.115208E-07	
394	4.865828E-07	-8.068702E-07	
395	5.264275E-07	-8.027730E-07	
396	5.658504E-07	-7.995604E-07	
397	6.051809E-07	-7.976375E-07	
398	6.448914E-07	-7.975128E-07	
399	6.856524E-07	-7.998463E-07	
400	7.284216E-07	-8.055318E-07	
401	7.745950E-07	-8.158440E-07	
402	8.262779E-07	-8.327101E-07	
403	8.867964E-07	-8.592766E-07	
404	9.617229E-07	-9.010471E-07	
405	1.061033E-06	-9.692317E-07	
406	1.203395E-06	-1.086236E-06	
407	1.425556E-06	-1.327322E-06	
408	1.692268E-06	-1.802028E-06	
409	-2.261464E-06	-2.411628E-06	
410	-2.013690E-06	-1.964921E-06	
411	-1.785680E-06	-1.673930E-06	
412	-1.600041E-06	-1.497437E-06	
413	-1.456841E-06	-1.389981E-06	
414	-1.343104E-06	-1.321683E-06	
415	-1.249093E-06	-1.277644E-06	
416	-1.168141E-06	-1.249389E-06	
417	-1.095797E-06	-1.231934E-06	
418	-1.029043E-06	-1.222133E-06	
419	-9.657916E-07	-1.217884E-06	
420	-9.045675E-07	-1.217705E-06	
421	-8.443179E-07	-1.220504E-06	
422	-7.842881E-07	-1.225439E-06	
423	-7.239426E-07	-1.231843E-06	
424	-6.629113E-07	-1.239171E-06	
425	-6.009534E-07	-1.246973E-06	
426	-5.379299E-07	-1.254866E-06	
427	-4.737848E-07	-1.262530E-06	
428	-4.085290E-07	-1.269692E-06	
429	-3.422283E-07	-1.276124E-06	
430	-2.749933E-07	-1.281637E-06	
431	-2.069699E-07	-1.286080E-06	
432	-1.383317E-07	-1.289336E-06	
433	-6.927272E-08	-1.291322E-06	
434	1.021580E-14	-1.291989E-06	
435	6.927275E-08	-1.291322E-06	
436	1.383318E-07	-1.289336E-06	
437	2.069699E-07	-1.286080E-06	
438	2.749933E-07	-1.281637E-06	
439	3.422284E-07	-1.276124E-06	
440	4.085290E-07	-1.269692E-06	
441	4.737848E-07	-1.262530E-06	
442	5.379300E-07	-1.254866E-06	
443	6.009534E-07	-1.246973E-06	
444	6.629114E-07	-1.239171E-06	
445	7.239426E-07	-1.231843E-06	
446	7.842882E-07	-1.225439E-06	
447	8.443180E-07	-1.220504E-06	
448	9.045676E-07	-1.217705E-06	
449	9.657916E-07	-1.217884E-06	
450	1.029043E-06	-1.222133E-06	
451	1.095797E-06	-1.231934E-06	
452	1.168141E-06	-1.249389E-06	
453	1.249094E-06	-1.277644E-06	
454	1.343104E-06	-1.321683E-06	
455	1.456841E-06	-1.389981E-06	
456	1.600041E-06	-1.497437E-06	
457	1.785680E-06	-1.673930E-06	
458	2.013690E-06	-1.964921E-06	
459	2.261464E-06	-2.411628E-06	
460	-2.753140E-06	-2.956507E-06	
461	-2.525292E-06	-2.544788E-06	
462	-2.301373E-06	-2.241752E-06	
463	-2.101358E-06	-2.033212E-06	
464	-1.931033E-06	-1.893772E-06	
465	-1.787511E-06	-1.801033E-06	
466	-1.664540E-06	-1.739403E-06	
467	-1.556488E-06	-1.699099E-06	
468	-1.458923E-06	-1.673801E-06	
469	-1.368525E-06	-1.659324E-06	
470	-1.282832E-06	-1.652774E-06	
471	-1.200030E-06	-1.652074E-06	
472	-1.118775E-06	-1.655669E-06	
473	-1.038083E-06	-1.662358E-06	
474	-9.572382E-07	-1.671184E-06	
475	-8.757354E-07	-1.681365E-06	
476	-7.932359E-07	-1.692252E-06	
477	-7.095344E-07	-1.703300E-06	
478	-6.245338E-07	-1.714047E-06	
479	-5.382256E-07	-1.724104E-06	
480	-4.506740E-07	-1.733145E-06	
481	-3.620019E-07	-1.740900E-06	
482	-2.723794E-07	-1.747152E-06	
483	-1.820131E-07	-1.751735E-06	
484	-9.113636E-08	-1.754532E-06	
485	1.392090E-14	-1.755472E-06	
486	9.113638E-08	-1.754532E-06	
487	1.820132E-07	-1.751735E-06	
488	2.723795E-07	-1.747152E-06	
489	3.620020E-07	-1.740900E-06	
490	4.506741E-07	-1.733145E-06	
491	5.382257E-07	-1.724104E-06	
492	6.245338E-07	-1.714047E-06	
493	7.095345E-07	-1.703300E-06	
494	7.932360E-07	-1.692252E-06	
495	8.757355E-07	-1.681365E-06	
496	9.572383E-07	-1.671184E-06	
497	1.038083E-06	-1.662358E-06	
498	1.118775E-06	-1.655669E-06	
499	1.200030E-06	-1.652074E-06	
500	1.282832E-06	-1.652774E-06	
501	1.368525E-06	-1.659324E-06	
502	1.458923E-06	-1.673801E-06	
503	1.556488E-06	-1.699099E-06	
504	1.664540E-06	-1.739403E-06	
505	1.787511E-06	-1.801033E-06	
506	1.931033E-06	-1.893772E-06	
507	2.101358E-06	-2.033212E-06	
508	2.301373E-06	-2.241752E-06	
509	2.525292E-06	-2.544788E-06	
510	2.753140E-06	-2.956507E-06	
511	-3.191075E-06	-3.459535E-06	
512	-2.977188E-06	-3.081437E-06	
513	-2.761473E-06	-2.783276E-06	
514	-2.557764E-06	-2.561153E-06	
515	-2.373547E-06	-2.401858E-06	
516	-2.209913E-06	-2.290259E-06	
517	-2.064407E-06	-2.213545E-06	
518	-1.933328E-06	-2.162165E-06	
519	-1.813092E-06	-2.129343E-06	
520	-1.700645E-06	-2.110255E-06	
521	-1.593530E-06	-2.101409E-06	
522	-1.489822E-06	-2.100209E-06	
523	-1.388037E-06	-2.104670E-06	
524	-1.287048E-06	-2.113236E-06	
525	-1.186021E-06	-2.124652E-06	
526	-1.084349E-06	-2.137890E-06	
527	-9.816191E-07	-2.152090E-06	
528	-8.775712E-07	-2.166530E-06	
529	-7.720741E-07	-2.180598E-06	
530	-6.651025E-07	-2.193776E-06	
531	-5.567181E-07	-2.205632E-06	
532	-4.470540E-07	-2.215806E-06	
533	-3.363004E-07	-2.224013E-06	
534	-2.246918E-07	-2.230031E-06	
535	-1.124955E-07	-2.233703E-06	
536	1.595992E-14	-2.234938E-06	
537	1.124955E-07	-2.233703E-06	
538	2.246918E-07	-2.230031E-06	
539	3.363004E-07	-2.224013E-06	
540	4.470540E-07	-2.215806E-06	
541	5.567181E-07	-2.205632E-06	
542	6.651025E-07	-2.193776E-06	
543	7.720741E-07	-2.180598E-06	
544	8.775712E-07	-2.166530E-06	
545	9.816192E-07	-2.152090E-06	
546	1.084349E-06	-2.137890E-06	
547	1.186021E-06	-2.124652E-06	
548	1.287049E-06	-2.113236E-06	
549	1.388037E-06	-2.104670E-06	
550	1.489822E-06	-2.100209E-06	
551	1.593531E-06	-2.101409E-06	
552	1.700645E-06	-2.110255E-06	
553	1.813092E-06	-2.129343E-06	
554	1.933328E-06	-2.162165E-06	
555	2.064407E-06	-2.213545E-06	
556	2.209913E-06	-2.290259E-06	
557	2.373547E-06	-2.401858E-06	
558	2.557764E-06	-2.561153E-06	
559	2.761473E-06	-2.783276E-06	
560	2.977188E-06	-3.081437E-06	
561	3.191075E-06	-3.459535E-06	
562	-3.585533E-06	-3.933241E-06	
563	-3.382532E-06	-3.585680E-06	
564	-3.174852E-06	-3.299718E-06	
565	-2.972363E-06	-3.075528E-06	
566	-2.781674E-06	-2.906464E-06	
567	-2.605521E-06	-2.782897E-06	
568	-2.443640E-06	-2.695169E-06	
569	-2.294141E-06	-2.635050E-06	
570	-2.154556E-06	-2.596032E-06	
571	-2.022434E-06	-2.573118E-06	
572	-1.895601E-06	-2.562479E-06	
573	-1.772233E-06	-2.561147E-06	
574	-1.650855E-06	-2.566785E-06	
575	-1.530307E-06	-2.577517E-06	
576	-1.409702E-06	-2.591810E-06	
577	-1.288385E-06	-2.608390E-06	
578	-1.165901E-06	-2.626187E-06	
579	-1.041958E-06	-2.644297E-06	
580	-9.164059E-07	-2.661949E-06	
581	-7.892110E-07	-2.678493E-06	
582	-6.604386E-07	-2.693382E-06	
583	-5.302344E-07	-2.706164E-06	
584	-3.988092E-07	-2.716476E-06	
585	-2.664248E-07	-2.724038E-06	
586	-1.333804E-07	-2.728654E-06	
587	1.988724E-14	-2.730206E-06	
588	1.333805E-07	-2.728654E-06	
589	2.664248E-07	-2.724038E-06	
590	3.988092E-07	-2.716476E-06	
591	5.302344E-07	-2.706164E-06	
592	6.604387E-07	-2.693382E-06	
593	7.892111E-07	-2.678493E-06	
594	9.164059E-07	-2.661949E-06	
595	1.041958E-06	-2.644296E-06	
596	1.165901E-06	-2.626187E-06	
597	1.288386E-06	-2.608390E-06	
598	1.409702E-06	-2.591810E-06	
599	1.530307E-06	-2.577517E-06	
600	1.650855E-06	-2.566785E-06	
601	1.772233E-06	-2.561147E-06	
602	1.895601E-06	-2.562479E-06	
603	2.022434E-06	-2.573118E-06	
604	2.154556E-06	-2.596032E-06	
605	2.294141E-06	-2.635050E-06	
606	2.443640E-06	-2.695169E-06	
607	2.605521E-06	-2.782897E-06	
608	2.781674E-06	-2.906464E-06	
609	2.972363E-06	-3.075528E-06	
610	3.174852E-06	-3.299718E-06	
611	3.382532E-06	-3.585680E-06	
612	3.585533E-06	-3.933241E-06	
613	-3.943904E-06	-4.384752E-06	
614	-3.749525E-06	-4.064787E-06	
615	-3.549150E-06	-3.794211E-06	
616	-3.349785E-06	-3.574804E-06	
617	-3.156811E-06	-3.403457E-06	
618	-2.973254E-06	-3.274175E-06	
619	-2.799971E-06	-3.179995E-06	
620	-2.636309E-06	-3.114242E-06	
621	-2.480801E-06	-3.071109E-06	
622	-2.331683E-06	-3.045783E-06	
623	-2.187208E-06	-3.034348E-06	
624	-2.045793E-06	-3.033630E-06	
625	-1.906092E-06	-3.041038E-06	
626	-1.767004E-06	-3.054439E-06	
627	-1.627662E-06	-3.072053E-06	
628	-1.487415E-06	-3.092380E-06	
629	-1.345801E-06	-3.114149E-06	
630	-1.202527E-06	-3.136274E-06	
631	-1.057443E-06	-3.157827E-06	
632	-9.105222E-07	-3.178021E-06	
633	-7.618421E-07	-3.196191E-06	
634	-6.115680E-07	-3.211789E-06	
635	-4.599359E-07	-3.224371E-06	
636	-3.072374E-07	-3.233599E-06	
637	-1.538054E-07	-3.239232E-06	
638	2.441020E-14	-3.241125E-06	
639	1.538055E-07	-3.239232E-06	
640	3.072374E-07	-3.233599E-06	
641	4.599359E-07	-3.224371E-06	
642	6.115680E-07	-3.211789E-06	
643	7.618421E-07	-3.196191E-06	
644	9.105223E-07	-3.178021E-06	
645	1.057443E-06	-3.157827E-06	
646	1.202528E-06	-3.136274E-06	
647	1.345801E-06	-3.114149E-06	
648	1.487415E-06	-3.092380E-06	
649	1.627662E-06	-3.072053E-06	
650	1.767004E-06	-3.054439E-06	
651	1.906092E-06	-3.041038E-06	
652	2.045793E-06	-3.033630E-06	
653	2.187208E-06	-3.034348E-06	
654	2.331683E-06	-3.045783E-06	
655	2.480801E-06	-3.071109E-06	
656	2.636309E-06	-3.114242E-06	
657	2.799971E-06	-3.179995E-06	
658	2.973254E-06	-3.274175E-06	
659	3.156811E-06	-3.403457E-06	
660	3.349785E-06	-3.574804E-06	
661	3.549151E-06	-3.794211E-06	
662	3.749525E-06	-4.064787E-06	
663	3.943904E-06	-4.384752E-06	
664	-4.271356E-06	-4.818649E-06	
665	-4.084077E-06	-4.523683E-06	
666	-3.890179E-06	-4.269774E-06	
667	-3.694654E-06	-4.059259E-06	
668	-3.501687E-06	-3.890918E-06	
669	-3.314059E-06	-3.761065E-06	
670	-3.133062E-06	-3.664748E-06	
671	-2.958774E-06	-3.596707E-06	
672	-2.790471E-06	-3.551963E-06	
673	-2.627002E-06	-3.526086E-06	
674	-2.467065E-06	-3.515261E-06	
675	-2.309389E-06	-3.516246E-06	
676	-2.152827E-06	-3.526300E-06	
677	-1.996405E-06	-3.543097E-06	
678	-1.839335E-06	-3.564656E-06	
679	-1.681015E-06	-3.589279E-06	
680	-1.521017E-06	-3.615506E-06	
681	-1.359073E-06	-3.642079E-06	
682	-1.195055E-06	-3.667919E-06	
683	-1.028959E-06	-3.692100E-06	
684	-8.608891E-07	-3.713842E-06	
685	-6.910396E-07	-3.732496E-06	
686	-5.196785E-07	-3.747539E-06	
687	-3.471329E-07	-3.758569E-06	
688	-1.737735E-07	-3.765301E-06	
689	2.607175E-14	-3.767564E-06	
690	1.737735E-07	-3.765301E-06	
691	3.471329E-07	-3.758569E-06	
692	5.196785E-07	-3.747539E-06	
693	6.910396E-07	-3.732496E-06	
694	8.608892E-07	-3.713842E-06	
695	1.028959E-06	-3.692100E-06	
696	1.195055E-06	-3.667919E-06	
697	1.359073E-06	-3.642079E-06	
698	1.521017E-06	-3.615506E-06	
699	1.681015E-06	-3.589279E-06	
700	1.839335E-06	-3.564656E-06	
701	1.996405E-06	-3.543097E-06	
702	2.152827E-06	-3.526300E-06	
703	2.309389E-06	-3.516246E-06	
704	2.467065E-06	-3.515261E-06	
705	2.627002E-06	-3.526086E-06	
706	2.790471E-06	-3.551963E-06	
707	2.958774E-06	-3.596707E-06	
708	3.133062E-06	-3.664748E-06	
709	3.314059E-06	-3.761065E-06	
710	3.501687E-06	-3.890918E-06	
711	3.694654E-06	-4.059259E-06	
712	3.890179E-06	-4.269774E-06	
713	4.084077E-06	-4.523683E-06	
714	4.271356E-06	-4.818649E-06	
715	-4.571835E-06	-5.237949E-06	
716	-4.390602E-06	-4.965754E-06	
717	-4.202484E-06	-4.728888E-06	
718	-4.011002E-06	-4.529765E-06	
719	-3.819316E-06	-4.368152E-06	
720	-3.629765E-06	-4.241783E-06	
721	-3.443701E-06	-4.147118E-06	
722	-3.261572E-06	-4.080034E-06	
723	-3.083139E-06	-4.036329E-06	
724	-2.907725E-06	-4.012022E-06	
725	-2.734430E-06	-4.003501E-06	
726	-2.562295E-06	-4.007558E-06	
727	-2.390404E-06	-4.021381E-06	
728	-2.217948E-06	-4.042516E-06	
729	-2.044260E-06	-4.068824E-06	
730	-1.868821E-06	-4.098439E-06	
731	-1.691271E-06	-4.129733E-06	
732	-1.511390E-06	-4.161291E-06	
733	-1.329094E-06	-4.191884E-06	
734	-1.144422E-06	-4.220457E-06	
735	-9.575164E-07	-4.246113E-06	
736	-7.686110E-07	-4.268105E-06	
737	-5.780157E-07	-4.285828E-06	
738	-3.861004E-07	-4.298818E-06	
739	-1.932802E-07	-4.306744E-06	
740	2.353939E-14	-4.309407E-06	
741	1.932802E-07	-4.306744E-06	
742	3.861005E-07	-4.298818E-06	
743	5.780157E-07	-4.285828E-06	
744	7.686110E-07	-4.268105E-06	
745	9.575164E-07	-4.246113E-06	
746	1.144422E-06	-4.220457E-06	
747	1.329094E-06	-4.191884E-06	
748	1.511390E-06	-4.161291E-06	
749	1.691271E-06	-4.129733E-06	
750	1.868822E-06	-4.098439E-06	
751	2.044260E-06	-4.068824E-06	
752	2.217948E-06	-4.042516E-06	
753	2.390404E-06	-4.021381E-06	
754	2.562295E-06	-4.007558E-06	
755	2.734430E-06	-4.003501E-06	
756	2.907725E-06	-4.012022E-06	
757	3.083139E-06	-4.036328E-06	
758	3.261572E-06	-4.080034E-06	
759	3.443701E-06	-4.147118E-06	
760	3.629765E-06	-4.241783E-06	
761	3.819316E-06	-4.368152E-06	
762	4.011002E-06	-4.529765E-06	
763	4.202484E-06	-4.728888E-06	
764	4.390602E-06	-4.965754E-06	
765	4.571835E-06	-5.237949E-06	
766	-4.848444E-06	-5.644655E-06	
767	-4.672546E-06	-5.393334E-06	
768	-4.489671E-06	-5.173459E-06	
769	-4.302240E-06	-4.987286E-06	
770	-4.112561E-06	-4.835055E-06	
771	-3.922487E-06	-4.715342E-06	
772	-3.733240E-06	-4.625551E-06	
773	-3.545404E-06	-4.562407E-06	
774	-3.359023E-06	-4.522356E-06	
775	-3.173754E-06	-4.501845E-06	
776	-2.989021E-06	-4.497497E-06	
777	-2.804144E-06	-4.506194E-06	
778	-2.618434E-06	-4.525110E-06	
779	-2.431264E-06	-4.551712E-06	
780	-2.242106E-06	-4.583740E-06	
781	-2.050555E-06	-4.619188E-06	
782	-1.856334E-06	-4.656284E-06	
783	-1.659298E-06	-4.693465E-06	
784	-1.459426E-06	-4.729367E-06	
785	-1.256812E-06	-4.762808E-06	
786	-1.051653E-06	-4.792779E-06	
787	-8.442341E-07	-4.818435E-06	
788	-6.349165E-07	-4.839093E-06	
789	-4.241219E-07	-4.854224E-06	
790	-2.123173E-07	-4.863453E-06	
791	2.067077E-14	-4.866554E-06	
792	2.123173E-07	-4.863453E-06	
793	4.241220E-07	-4.854224E-06	
794	6.349166E-07	-4.839093E-06	
795	8.442341E-07	-4.818435E-06	
796	1.051653E-06	-4.792779E-06	
797	1.256812E-06	-4.762808E-06	
798	1.459426E-06	-4.729367E-06	
799	1.659298E-06	-4.693465E-06	
800	1.856334E-06	-4.656284E-06	
801	2.050555E-06	-4.619188E-06	
802	2.242106E-06	-4.583740E-06	
803	2.431264E-06	-4.551712E-06	
804	2.618434E-06	-4.525110E-06	
805	2.804144E-06	-4.506194E-06	
806	2.989021E-06	-4.497497E-06	
807	3.173755E-06	-4.501845E-06	
808	3.359023E-06	-4.522356E-06	
809	3.545404E-06	-4.562407E-06	
810	3.733241E-06	-4.625551E-06	
811	3.922487E-06	-4.715342E-06	
812	4.112562E-06	-4.835055E-06	
813	4.302241E-06	-4.987286E-06	
814	4.489672E-06	-5.173459E-06	
815	4.672546E-06	-5.393334E-06	
816	4.848444E-06	-5.644655E-06	
817	-5.103684E-06	-6.040057E-06	
818	-4.932659E-06	-5.808011E-06	
819	-4.754650E-06	-5.604889E-06	
820	-4.571223E-06	-5.432677E-06	
821	-4.383986E-06	-5.291773E-06	
822	-4.194324E-06	-5.181220E-06	
823	-4.003245E-06	-5.099023E-06	
824	-3.811326E-06	-5.042498E-06	
825	-3.618751E-06	-5.008587E-06	
826	-3.425392E-06	-4.994097E-06	
827	-3.230912E-06	-4.995874E-06	
828	-3.034863E-06	-5.010909E-06	
829	-2.836763E-06	-5.036391E-06	
830	-2.636162E-06	-5.069739E-06	
831	-2.432679E-06	-5.108602E-06	
832	-2.226030E-06	-5.150859E-06	
833	-2.016042E-06	-5.194608E-06	
834	-1.802659E-06	-5.238156E-06	
835	-1.585938E-06	-5.280011E-06	
836	-1.366041E-06	-5.318871E-06	
837	-1.143232E-06	-5.353619E-06	
838	-9.178606E-07	-5.383316E-06	
839	-6.903479E-07	-5.407201E-06	
840	-4.611769E-07	-5.424681E-06	
841	-2.308749E-07	-5.435338E-06	
842	1.950646E-14	-5.438918E-06	
843	2.308750E-07	-5.435338E-06	
844	4.611769E-07	-5.424681E-06	
845	6.903480E-07	-5.407201E-06	
846	9.178606E-07	-5.383316E-06	
847	1.143233E-06	-5.353619E-06	
848	1.366041E-06	-5.318871E-06	
849	1.585938E-06	-5.280011E-06	
850	1.802659E-06	-5.238156E-06	
851	2.016042E-06	-5.194608E-06	
852	2.226030E-06	-5.150859E-06	
853	2.432679E-06	-5.108602E-06	
854	2.636162E-06	-5.069739E-06	
855	2.836763E-06	-5.036391E-06	
856	3.034863E-06	-5.010909E-06	
857	3.230912E-06	-4.995874E-06	
858	3.425392E-06	-4.994097E-06	
859	3.618751E-06	-5.008587E-06	
860	3.811326E-06	-5.042498E-06	
861	4.003245E-06	-5.099023E-06	
862	4.194325E-06	-5.181220E-06	
863	4.383986E-06	-5.291773E-06	
864	4.571223E-06	-5.432677E-06	
865	4.754650E-06	-5.604889E-06	
866	4.932660E-06	-5.808011E-06	
867	5.103685E-06	-6.040057E-06	
868	-5.339590E-06	-6.424913E-06	
869	-5.173171E-06	-6.210811E-06	
870	-4.999785E-06	-6.024162E-06	
871	-4.820325E-06	-5.866605E-06	
872	-4.635816E-06	-5.738517E-06	
873	-4.447219E-06	-5.639151E-06	
874	-4.255294E-06	-5.566858E-06	
875	-4.060535E-06	-5.519341E-06	
876	-3.863166E-06	-5.493891E-06	
877	-3.663184E-06	-5.487589E-06	
878	-3.460419E-06	-5.497466E-06	
879	-3.254602E-06	-5.520609E-06	
880	-3.045428E-06	-5.554234E-06	
881	-2.832607E-06	-5.595724E-06	
882	-2.615901E-06	-5.642658E-06	
883	-2.395152E-06	-5.692815E-06	
884	-2.170299E-06	-5.744178E-06	
885	-1.941382E-06	-5.794934E-06	
886	-1.708547E-06	-5.843472E-06	
887	-1.472040E-06	-5.888376E-06	
888	-1.232200E-06	-5.928425E-06	
889	-9.894479E-07	-5.962590E-06	
890	-7.442792E-07	-5.990031E-06	
891	-4.972455E-07	-6.010097E-06	
892	-2.489436E-07	-6.022322E-06	
893	1.655111E-14	-6.026428E-06	
894	2.489436E-07	-6.022322E-06	
895	4.972455E-07	-6.010097E-06	
896	7.442792E-07	-5.990031E-06	
897	9.894480E-07	-5.962590E-06	
898	1.232200E-06	-5.928425E-06	
899	1.472040E-06	-5.888376E-06	
900	1.708548E-06	-5.843472E-06	
901	1.941382E-06	-5.794934E-06	
902	2.170299E-06	-5.744178E-06	
903	2.395152E-06	-5.692815E-06	
904	2.615901E-06	-5.642658E-06	
905	2.832607E-06	-5.595724E-06	
906	3.045429E-06	-5.554234E-06	
907	3.254602E-06	-5.520609E-06	
908	3.460419E-06	-5.497466E-06	
909	3.663184E-06	-5.487589E-06	
910	3.863166E-06	-5.493891E-06	
911	4.060535E-06	-5.519341E-06	
912	4.255294E-06	-5.566858E-06	
913	4.447219E-06	-5.639151E-06	
914	4.635816E-06	-5.738517E-06	
915	4.820325E-06	-5.866605E-06	
916	4.999785E-06	-6.024162E-06	
917	5.173171E-06	-6.210811E-06	
918	5.339590E-06	-6.424913E-06	
919	-5.557814E-06	-6.799575E-06	
920	-5.395886E-06	-6.602337E-06	
921	-5.227002E-06	-6.431906E-06	
922	-5.051507E-06	-6.289542E-06	
923	-4.869944E-06	-6.175470E-06	
924	-4.682894E-06	-6.088983E-06	
925	-4.490867E-06	-6.028596E-06	
926	-4.294232E-06	-5.992230E-06	
927	-4.093194E-06	-5.977398E-06	
928	-3.887806E-06	-5.981369E-06	
929	-3.678007E-06	-6.001303E-06	
930	-3.463659E-06	-6.034360E-06	
931	-3.244600E-06	-6.077770E-06	
932	-3.020680E-06	-6.128887E-06	
933	-2.791794E-06	-6.185225E-06	
934	-2.557905E-06	-6.244471E-06	
935	-2.319066E-06	-6.304504E-06	
936	-2.075419E-06	-6.363399E-06	
937	-1.827205E-06	-6.419431E-06	
938	-1.574762E-06	-6.471075E-06	
939	-1.318512E-06	-6.517010E-06	
940	-1.058962E-06	-6.556119E-06	
941	-7.966844E-07	-6.587486E-06	
942	-5.323105E-07	-6.610399E-06	
943	-2.665144E-07	-6.624351E-06	
944	8.844808E-15	-6.629035E-06	
945	2.665145E-07	-6.624351E-06	
946	5.323105E-07	-6.610399E-06	
947	7.966845E-07	-6.587486E-06	
948	1.058962E-06	-6.556119E-06	
949	1.318513E-06	-6.517011E-06	
950	1.574762E-06	-6.471075E-06	
951	1.827205E-06	-6.419431E-06	
952	2.075419E-06	-6.363399E-06	
953	2.319066E-06	-6.304504E-06	
954	2.557906E-06	-6.244471E-06	
955	2.791794E-06	-6.185225E-06	
956	3.020680E-06	-6.128887E-06	
957	3.244601E-06	-6.077770E-06	
958	3.463659E-06	-6.034360E-06	
959	3.678007E-06	-6.001303E-06	
960	3.887806E-06	-5.981369E-06	
961	4.093194E-06	-5.977398E-06	
962	4.294232E-06	-5.992230E-06	
963	4.490867E-06	-6.028596E-06	
964	4.682894E-06	-6.088983E-06	
965	4.869944E-06	-6.175470E-06	
966	5.051507E-06	-6.289542E-06	
967	5.227002E-06	-6.431906E-06	
968	5.395886E-06	-6.602337E-06	
969	5.557814E-06	-6.799575E-06	
970	-5.759681E-06	-7.164071E-06	
971	-5.602255E-06	-6.982849E-06	
972	-5.437854E-06	-6.828464E-06	
973	-5.266374E-06	-6.701764E-06	
974	-5.087948E-06	-6.602740E-06	
975	-4.902828E-06	-6.530604E-06	
976	-4.711283E-06	-6.483897E-06	
977	-4.513539E-06	-6.460632E-06	
978	-4.309746E-06	-6.458435E-06	
979	-4.099967E-06	-6.474675E-06	
980	-3.884202E-06	-6.506590E-06	
981	-3.662408E-06	-6.551373E-06	
982	-3.434532E-06	-6.606253E-06	
983	-3.200540E-06	-6.668546E-06	
984	-2.960446E-06	-6.735696E-06	
985	-2.714329E-06	-6.805305E-06	
986	-2.462349E-06	-6.875149E-06	
987	-2.204755E-06	-6.943194E-06	
988	-1.941887E-06	-7.007605E-06	
989	-1.674177E-06	-7.066752E-06	
990	-1.402142E-06	-7.119216E-06	
991	-1.126377E-06	-7.163793E-06	
992	-8.475428E-07	-7.199491E-06	
993	-5.663573E-07	-7.225542E-06	
994	-2.835801E-07	-7.241393E-06	
995	1.772646E-15	-7.246714E-06	
996	2.835801E-07	-7.241394E-06	
997	5.663573E-07	-7.225542E-06	
998	8.475428E-07	-7.199491E-06	
999	1.126377E-06	-7.163793E-06	
1000	1.402142E-06	-7.119216E-06	
1001	1.674177E-06	-7.066752E-06	
1002	1.941887E-06	-7.007605E-06	
1003	2.204755E-06	-6.943194E-06	
1004	2.462349E-06	-6.875149E-06	
1005	2.714329E-06	-6.805305E-06	
1006	2.960446E-06	-6.735696E-06	
1007	3.200540E-06	-6.668546E-06	
1008	3.434532E-06	-6.606253E-06	
1009	3.662408E-06	-6.551373E-06	
1010	3.884202E-06	-6.506590E-06	
1011	4.099967E-06	-6.474675E-06	
1012	4.309746E-06	-6.458435E-06	
1013	4.513539E-06	-6.460632E-06	
1014	4.711283E-06	-6.483897E-06	
1015	4.902828E-06	-6.530604E-06	
1016	5.087948E-06	-6.602740E-06	
1017	5.266374E-06	-6.701764E-06	
1018	5.437854E-06	-6.828464E-06	
1019	5.602255E-06	-6.982849E-06	
1020	5.759681E-06	-7.164071E-06	
1021	-5.946223E-06	-7.518156E-06	
1022	-5.793412E-06	-7.352333E-06	
1023	-5.633565E-06	-7.213932E-06	
1024	-5.466201E-06	-7.103369E-06	
1025	-5.291107E-06	-7.020343E-06	
1026	-5.108245E-06	-6.963892E-06	
1027	-4.917664E-06	-6.932486E-06	
1028	-4.719444E-06	-6.924127E-06	
1029	-4.513655E-06	-6.936462E-06	
1030	-4.300343E-06	-6.966892E-06	
1031	-4.079534E-06	-7.012671E-06	
1032	-3.851246E-06	-7.070991E-06	
1033	-3.615508E-06	-7.139051E-06	
1034	-3.372383E-06	-7.214113E-06	
1035	-3.121985E-06	-7.293548E-06	
1036	-2.864498E-06	-7.374862E-06	
1037	-2.600186E-06	-7.455730E-06	
1038	-2.329401E-06	-7.534008E-06	
1039	-2.052586E-06	-7.607752E-06	
1040	-1.770270E-06	-7.675227E-06	
1041	-1.483069E-06	-7.734917E-06	
1042	-1.191672E-06	-7.785530E-06	
1043	-8.968367E-07	-7.826003E-06	
1044	-5.993732E-07	-7.855507E-06	
1045	-3.001340E-07	-7.873448E-06	
1046	-3.452950E-15	-7.879467E-06	
1047	3.001340E-07	-7.873448E-06	
1048	5.993732E-07	-7.855507E-06	
1049	8.968367E-07	-7.826003E-06	
1050	1.191672E-06	-7.785530E-06	
1051	1.483069E-06	-7.734917E-06	
1052	1.770270E-06	-7.675227E-06	
1053	2.052586E-06	-7.607752E-06	
1054	2.329401E-06	-7.534008E-06	
1055	2.600186E-06	-7.455730E-06	
1056	2.864498E-06	-7.374862E-06	
1057	3.121985E-06	-7.293548E-06	
1058	3.372383E-06	-7.214113E-06	
1059	3.615508E-06	-7.139051E-06	
1060	3.851246E-06	-7.070990E-06	
1061	4.079534E-06	-7.012671E-06	
1062	4.300343E-06	-6.966892E-06	
1063	4.513655E-06	-6.936462E-06	
1064	4.719444E-06	-6.924127E-06	
1065	4.917664E-06	-6.932486E-06	
1066	5.108245E-06	-6.963892E-06	
1067	5.291107E-06	-7.020343E-06	
1068	5.466201E-06	-7.103369E-06	
1069	5.633565E-06	-7.213932E-06	
1070	5.793412E-06	-7.352333E-06	
1071	5.946223E-06	-7.518156E-06	
1072	-6.118201E-06	-7.861365E-06	
1073	-5.970206E-06	-7.710543E-06	
1074	-5.815062E-06	-7.588200E-06	
1075	-5.651967E-06	-7.494296E-06	
1076	-5.480415E-06	-7.428191E-06	
1077	-5.300116E-06	-7.388688E-06	
1078	-5.110920E-06	-7.374106E-06	
1079	-4.912764E-06	-7.382356E-06	
1080	-4.705630E-06	-7.411035E-06	
1081	-4.489525E-06	-7.457511E-06	
1082	-4.264479E-06	-7.519004E-06	
1083	-4.030543E-06	-7.592663E-06	
1084	-3.787807E-06	-7.675631E-06	
1085	-3.536406E-06	-7.765094E-06	
1086	-3.276543E-06	-7.858334E-06	
1087	-3.008494E-06	-7.952757E-06	
1088	-2.732621E-06	-8.045925E-06	
1089	-2.449376E-06	-8.135584E-06	
1090	-2.159301E-06	-8.219677E-06	
1091	-1.863029E-06	-8.296363E-06	
1092	-1.561274E-06	-8.364026E-06	
1093	-1.254829E-06	-8.421288E-06	
1094	-9.445491E-07	-8.467011E-06	
1095	-6.313455E-07	-8.500308E-06	
1096	-3.161694E-07	-8.520542E-06	
1097	-1.081217E-14	-8.527329E-06	
1098	3.161694E-07	-8.520542E-06	
1099	6.313455E-07	-8.500308E-06	
1100	9.445491E-07	-8.467011E-06	
1101	1.254829E-06	-8.421288E-06	
1102	1.561274E-06	-8.364026E-06	
1103	1.863029E-06	-8.296363E-06	
1104	2.159301E-06	-8.219677E-06	
1105	2.449376E-06	-8.135584E-06	
1106	2.732621E-06	-8.045925E-06	
1107	3.008494E-06	-7.952757E-06	
1108	3.276543E-06	-7.858334E-06	
1109	3.536406E-06	-7.765094E-06	
1110	3.787807E-06	-7.675631E-06	
1111	4.030543E-06	-7.592663E-06	
1112	4.264479E-06	-7.519004E-06	
1113	4.489525E-06	-7.457511E-06	
1114	4.705630E-06	-7.411035E-06	
1115	4.912764E-06	-7.382356E-06	
1116	5.110920E-06	-7.374106E-06	
1117	5.300116E-06	-7.388688E-06	
1118	5.480415E-06	-7.428191E-06	
1119	5.651967E-06	-7.494296E-06	
1120	5.815062E-06	-7.588200E-06	
1121	5.970206E-06	-7.710543E-06	
1122	6.118201E-06	-7.861365E-06	
1123	-6.276115E-06	-8.193037E-06	
1124	-6.133214E-06	-8.057044E-06	
1125	-5.982988E-06	-7.950982E-06	
1126	-5.824364E-06	-7.874340E-06	
1127	-5.656588E-06	-7.826100E-06	
1128	-5.479153E-06	-7.804781E-06	
1129	-5.291731E-06	-7.808491E-06	
1130	-5.094124E-06	-7.834992E-06	
1131	-4.886223E-06	-7.881769E-06	
1132	-4.667985E-06	-7.946101E-06	
1133	-4.439424E-06	-8.025131E-06	
1134	-4.200607E-06	-8.115927E-06	
1135	-3.951661E-06	-8.215543E-06	
1136	-3.692780E-06	-8.321071E-06	
1137	-3.424237E-06	-8.429682E-06	
1138	-3.146391E-06	-8.538668E-06	
1139	-2.859694E-06	-8.645473E-06	
1140	-2.564692E-06	-8.747720E-06	
1141	-2.262028E-06	-8.843236E-06	
1142	-1.952436E-06	-8.930067E-06	
1143	-1.636736E-06	-9.006498E-06	
1144	-1.315824E-06	-9.071059E-06	
1145	-9.906595E-07	-9.122541E-06	
1146	-6.622590E-07	-9.159994E-06	
1147	-3.316781E-07	-9.182739E-06	
1148	-1.421493E-14	-9.190366E-06	
1149	3.316780E-07	-9.182739E-06	
1150	6.622590E-07	-9.159994E-06	
1151	9.906595E-07	-9.122541E-06	
1152	1.315824E-06	-9.071059E-06	
1153	1.636736E-06	-9.006498E-06	
1154	1.952436E-06	-8.930067E-06	
1155	2.262028E-06	-8.843236E-06	
1156	2.564692E-06	-8.747720E-06	
1157	2.859694E-06	-8.645473E-06	
1158	3.146391E-06	-8.538668E-06	
1159	3.424237E-06	-8.429682E-06	
1160	3.692780E-06	-8.321071E-06	
1161	3.951661E-06	-8.215543E-06	
1162	4.200608E-06	-8.115927E-06	
1163	4.439424E-06	-8.025131E-06	
1164	4.667985E-06	-7.946101E-06	
1165	4.886223E-06	-7.881769E-06	
1166	5.094124E-06	-7.834992E-06	
1167	5.291731E-06	-7.808491E-06	
1168	5.479153E-06	-7.804781E-06	
1169	5.656588E-06	-7.826100E-06	
1170	5.824364E-06	-7.874340E-06	
1171	5.982988E-06	-7.950982E-06	
1172	6.133214E-06	-8.057044E-06	
1173	6.276115E-06	-8.193037E-06	
1174	-6.420212E-06	-8.512348E-06	
1175	-6.282746E-06	-8.391236E-06	
1176	-6.137712E-06	-8.301844E-06	
1177	-5.983809E-06	-8.243170E-06	
1178	-5.820074E-06	-8.213790E-06	
1179	-5.645813E-06	-8.211900E-06	
1180	-5.460543E-06	-8.235352E-06	
1181	-5.263941E-06	-8.281711E-06	
1182	-5.055809E-06	-8.348304E-06	
1183	-4.836046E-06	-8.432276E-06	
1184	-4.604638E-06	-8.530651E-06	
1185	-4.361649E-06	-8.640382E-06	
1186	-4.107230E-06	-8.758406E-06	
1187	-3.841616E-06	-8.881691E-06	
1188	-3.565138E-06	-9.007281E-06	
1189	-3.278225E-06	-9.132336E-06	
1190	-2.981413E-06	-9.254166E-06	
1191	-2.675339E-06	-9.370264E-06	
1192	-2.360742E-06	-9.478329E-06	
1193	-2.038461E-06	-9.576291E-06	
1194	-1.709420E-06	-9.662328E-06	
1195	-1.374622E-06	-9.734879E-06	
1196	-1.035139E-06	-9.792655E-06	
1197	-6.920926E-07	-9.834649E-06	
1198	-3.466490E-07	-9.860135E-06	
1199	-1.238598E-14	-9.868679E-06	
1200	3.466490E-07	-9.860135E-06	
1201	6.920925E-07	-9.834649E-06	
1202	1.035139E-06	-9.792655E-06	
1203	1.374622E-06	-9.734879E-06	
1204	1.709420E-06	-9.662328E-06	
1205	2.038461E-06	-9.576291E-06	
1206	2.360742E-06	-9.478329E-06	
1207	2.675339E-06	-9.370264E-06	
1208	2.981413E-06	-9.254166E-06	
1209	3.278225E-06	-9.132336E-06	
1210	3.565138E-06	-9.007281E-06	
1211	3.841616E-06	-8.881691E-06	
1212	4.107230E-06	-8.758406E-06	
1213	4.361650E-06	-8.640382E-06	
1214	4.604638E-06	-8.530651E-06	
1215	4.836046E-06	-8.432276E-06	
1216	5.055809E-06	-8.348304E-06	
1217	5.263941E-06	-8.281711E-06	
1218	5.460543E-06	-8.235352E-06	
1219	5.645813E-06	-8.211900E-06	
1220	5.820074E-06	-8.213790E-06	
1221	5.983809E-06	-8.243170E-06	
1222	6.137712E-06	-8.301844E-06	
1223	6.282746E-06	-8.391236E-06	
1224	6.420212E-06	-8.512348E-06	
1225	-6.550486E-06	-8.818331E-06	
1226	-6.418851E-06	-8.712380E-06	
1227	-6.279334E-06	-8.640222E-06	
1228	-6.130445E-06	-8.600344E-06	
1229	-5.971046E-06	-8.590893E-06	
1230	-5.800289E-06	-8.609710E-06	
1231	-5.617554E-06	-8.654362E-06	
1232	-5.422408E-06	-8.722178E-06	
1233	-5.214564E-06	-8.810289E-06	
1234	-4.993859E-06	-8.915673E-06	
1235	-4.760241E-06	-9.035197E-06	
1236	-4.513761E-06	-9.165670E-06	
1237	-4.254575E-06	-9.303881E-06	
1238	-3.982946E-06	-9.446650E-06	
1239	-3.699251E-06	-9.590870E-06	
1240	-3.403981E-06	-9.733549E-06	
1241	-3.097745E-06	-9.871848E-06	
1242	-2.781269E-06	-1.000311E-05	
1243	-2.455389E-06	-1.012491E-05	
1244	-2.121044E-06	-1.023503E-05	
1245	-1.779267E-06	-1.033155E-05	
1246	-1.431173E-06	-1.041282E-05	
1247	-1.077943E-06	-1.047746E-05	
1248	-7.208156E-07	-1.052439E-05	
1249	-3.610665E-07	-1.055286E-05	
1250	-1.279976E-14	-1.056241E-05	
1251	3.610665E-07	-1.055286E-05	
1252	7.208156E-07	-1.052439E-05	
1253	1.077943E-06	-1.047746E-05	
1254	1.431173E-06	-1.041282E-05	
1255	1.779267E-06	-1.033155E-05	
1256	2.121044E-06	-1.023503E-05	
1257	2.455389E-06	-1.012491E-05	
1258	2.781269E-06	-1.000311E-05	
1259	3.097745E-06	-9.871848E-06	
1260	3.403981E-06	-9.733549E-06	
1261	3.699251E-06	-9.590870E-06	
1262	3.982946E-06	-9.446650E-06	
1263	4.254575E-06	-9.303881E-06	
1264	4.513761E-06	-9.165670E-06	
1265	4.760241E-06	-9.035197E-06	
1266	4.993859E-06	-8.915673E-06	
1267	5.214564E-06	-8.810289E-06	
1268	5.422408E-06	-8.722178E-06	
1269	5.617554E-06	-8.654362E-06	
1270	5.800289E-06	-8.609710E-06	
1271	5.971047E-06	-8.590893E-06	
1272	6.130445E-06	-8.600344E-06	
1273	6.279334E-06	-8.640222E-06	
1274	6.418851E-06	-8.712380E-06	
1275	6.550486E-06	-8.818331E-06	
1276	-6.666673E-06	-9.109894E-06	
1277	-6.541313E-06	-9.019622E-06	
1278	-6.407682E-06	-8.965446E-06	
1279	-6.264138E-06	-8.945325E-06	
1280	-6.109406E-06	-8.956958E-06	
1281	-5.942508E-06	-8.997814E-06	
1282	-5.762711E-06	-9.065147E-06	
1283	-5.569482E-06	-9.156026E-06	
1284	-5.362451E-06	-9.267360E-06	
1285	-5.141388E-06	-9.395928E-06	
1286	-4.906194E-06	-9.538417E-06	
1287	-4.656893E-06	-9.691456E-06	
1288	-4.393637E-06	-9.851663E-06	
1289	-4.116702E-06	-1.001568E-05	
1290	-3.826498E-06	-1.018023E-05	
1291	-3.523570E-06	-1.034214E-05	
1292	-3.208596E-06	-1.049841E-05	
1293	-2.882384E-06	-1.064621E-05	
1294	-2.545867E-06	-1.078296E-05	
1295	-2.200087E-06	-1.090633E-05	
1296	-1.846187E-06	-1.101426E-05	
1297	-1.485396E-06	-1.110499E-05	
1298	-1.119011E-06	-1.117708E-05	
1299	-7.483842E-07	-1.122938E-05	
1300	-3.749077E-07	-1.126109E-05	
1301	-1.095122E-14	-1.127171E-05	
1302	3.749077E-07	-1.126109E-05	
1303	7.483841E-07	-1.122938E-05	
1304	1.119011E-06	-1.117708E-05	
1305	1.485396E-06	-1.110499E-05	
1306	1.846187E-06	-1.101426E-05	
1307	2.200087E-06	-1.090633E-05	
1308	2.545867E-06	-1.078296E-05	
1309	2.882384E-06	-1.064621E-05	
1310	3.208596E-06	-1.049841E-05	
1311	3.523570E-06	-1.034214E-05	
1312	3.826498E-06	-1.018023E-05	
1313	4.116702E-06	-1.001568E-05	
1314	4.393637E-06	-9.851663E-06	
1315	4.656893E-06	-9.691456E-06	
1316	4.906194E-06	-9.538417E-06	
1317	5.141388E-06	-9.395928E-06	
1318	5.362451E-06	-9.267360E-06	
1319	5.569482E-06	-9.156026E-06	
1320	5.762711E-06	-9.065147E-06	
1321	5.942508E-06	-8.997814E-06	
1322	6.109406E-06	-8.956958E-06	
1323	6.264138E-06	-8.945325E-06	
1324	6.407682E-06	-8.965446E-06	
1325	6.541313E-06	-9.019622E-06	
1326	6.666673E-06	-9.109894E-06	
1327	-6.768245E-06	-9.385844E-06	
1328	-6.649641E-06	-9.312011E-06	
1329	-6.522300E-06	-9.276756E-06	
1330	-6.384470E-06	-9.277494E-06	
1331	-6.234768E-06	-9.311466E-06	
1332	-6.072120E-06	-9.375752E-06	
1333	-5.895697E-06	-9.467282E-06	
1334	-5.704876E-06	-9.582850E-06	
1335	-5.499207E-06	-9.719123E-06	
1336	-5.278392E-06	-9.872662E-06	
1337	-5.042274E-06	-1.003995E-05	
1338	-4.790841E-06	-1.021741E-05	
1339	-4.524223E-06	-1.040146E-05	
1340	-4.242698E-06	-1.058854E-05	
1341	-3.946701E-06	-1.077517E-05	
1342	-3.636820E-06	-1.095798E-05	
1343	-3.313796E-06	-1.113376E-05	
1344	-2.978521E-06	-1.129953E-05	
1345	-2.632021E-06	-1.145252E-05	
1346	-2.275445E-06	-1.159026E-05	
1347	-1.910049E-06	-1.171055E-05	
1348	-1.537180E-06	-1.181154E-05	
1349	-1.158252E-06	-1.189169E-05	
1350	-7.747358E-07	-1.194980E-05	
1351	-3.881407E-07	-1.198500E-05	
1352	-1.035174E-14	-1.199680E-05	
1353	3.881407E-07	-1.198500E-05	
1354	7.747358E-07	-1.194980E-05	
1355	1.158252E-06	-1.189169E-05	
1356	1.537180E-06	-1.181154E-05	
1357	1.910049E-06	-1.171055E-05	
1358	2.275445E-06	-1.159026E-05	
1359	2.632021E-06	-1.145252E-05	
1360	2.978521E-06	-1.129953E-05	
1361	3.313796E-06	-1.113376E-05	
1362	3.636820E-06	-1.095798E-05	
1363	3.946701E-06	-1.077517E-05	
1364	4.242698E-06	-1.058854E-05	
1365	4.524223E-06	-1.040146E-05	
1366	4.790841E-06	-1.021741E-05	
1367	5.042274E-06	-1.003995E-05	
1368	5.278392E-06	-9.872662E-06	
1369	5.499207E-06	-9.719123E-06	
1370	5.704876E-06	-9.582850E-06	
1371	5.895697E-06	-9.467282E-06	
1372	6.072120E-06	-9.375752E-06	
1373	6.234768E-06	-9.311466E-06	
1374	6.384470E-06	-9.277494E-06	
1375	6.522301E-06	-9.276756E-06	
1376	6.649641E-06	-9.312011E-06	
1377	6.768245E-06	-9.385844E-06	
1378	-6.854401E-06	-9.644907E-06	
1379	-6.743064E-06	-9.588522E-06	
1380	-6.622448E-06	-9.573322E-06	
1381	-6.490730E-06	-9.596166E-06	
1382	-6.346459E-06	-9.653828E-06	
1383	-6.188489E-06	-9.742999E-06	
1384	-6.015917E-06	-9.860283E-06	
1385	-5.828041E-06	-1.000219E-05	
1386	-5.624332E-06	-1.016514E-05	
1387	-5.404415E-06	-1.034546E-05	
1388	-5.168069E-06	-1.053940E-05	
1389	-4.915229E-06	-1.074318E-05	
1390	-4.645991E-06	-1.095296E-05	
1391	-4.360622E-06	-1.116498E-05	
1392	-4.059569E-06	-1.137551E-05	
1393	-3.743458E-06	-1.158094E-05	
1394	-3.413090E-06	-1.177788E-05	
1395	-3.069437E-06	-1.196310E-05	
1396	-2.713623E-06	-1.213366E-05	
1397	-2.346909E-06	-1.228693E-05	
1398	-1.970668E-06	-1.242059E-05	
1399	-1.586366E-06	-1.253265E-05	
1400	-1.195542E-06	-1.262149E-05	
1401	-7.997851E-07	-1.268585E-05	
1402	-4.007218E-07	-1.272483E-05	
1403	-1.225847E-14	-1.273788E-05	
1404	4.007218E-07	-1.272483E-05	
1405	7.997851E-07	-1.268585E-05	
1406	1.195542E-06	-1.262149E-05	
1407	1.586366E-06	-1.253265E-05	
1408	1.970668E-06	-1.242059E-05	
1409	2.346909E-06	-1.228693E-05	
1410	2.713623E-06	-1.213366E-05	
1411	3.069437E-06	-1.196310E-05	
1412	3.413090E-06	-1.177788E-05	
1413	3.743458E-06	-1.158094E-05	
1414	4.059569E-06	-1.137551E-05	
1415	4.360622E-06	-1.116498E-05	
1416	4.645991E-06	-1.095296E-05	
1417	4.915229E-06	-1.074318E-05	
1418	5.168069E-06	-1.053940E-05	
1419	5.404415E-06	-1.034546E-05	
1420	5.624332E-06	-1.016514E-05	
1421	5.828041E-06	-1.000219E-05	
1422	6.015917E-06	-9.860283E-06	
1423	6.188489E-06	-9.742999E-06	
1424	6.346459E-06	-9.653828E-06	
1425	6.490730E-06	-9.596166E-06	
1426	6.622448E-06	-9.573322E-06	
1427	6.743064E-06	-9.588522E-06	
1428	6.854401E-06	-9.644907E-06	
1429	-6.924056E-06	-9.885749E-06	
1430	-6.820516E-06	-9.848080E-06	
1431	-6.707081E-06	-9.854264E-06	
1432	-6.581900E-06	-9.900600E-06	
1433	-6.443496E-06	-9.983399E-06	
1434	-6.290680E-06	-1.009897E-05	
1435	-6.122492E-06	-1.024360E-05	
1436	-5.938160E-06	-1.041352E-05	
1437	-5.737072E-06	-1.060491E-05	
1438	-5.518772E-06	-1.081385E-05	
1439	-5.282959E-06	-1.103635E-05	
1440	-5.029498E-06	-1.126838E-05	
1441	-4.758437E-06	-1.150586E-05	
1442	-4.470017E-06	-1.174476E-05	
1443	-4.164686E-06	-1.198107E-05	
1444	-3.843100E-06	-1.221095E-05	
1445	-3.506120E-06	-1.243072E-05	
1446	-3.154800E-06	-1.263695E-05	
1447	-2.790367E-06	-1.282649E-05	
1448	-2.414199E-06	-1.299651E-05	
1449	-2.027793E-06	-1.314455E-05	
1450	-1.632744E-06	-1.326852E-05	
1451	-1.230715E-06	-1.336670E-05	
1452	-8.234173E-07	-1.343777E-05	
1453	-4.125924E-07	-1.348079E-05	
1454	-1.467972E-14	-1.349519E-05	
1455	4.125924E-07	-1.348079E-05	
1456	8.234173E-07	-1.343777E-05	
1457	1.230715E-06	-1.336670E-05	
1458	1.632744E-06	-1.326852E-05	
1459	2.027793E-06	-1.314455E-05	
1460	2.414199E-06	-1.299651E-05	
1461	2.790367E-06	-1.282649E-05	
1462	3.154800E-06	-1.263695E-05	
1463	3.506120E-06	-1.243072E-05	
1464	3.843100E-06	-1.221095E-05	
1465	4.164686E-06	-1.198107E-05	
1466	4.470017E-06	-1.174476E-05	
1467	4.758437E-06	-1.150586E-05	
1468	5.029498E-06	-1.126838E-05	
1469	5.282959E-06	-1.103635E-05	
1470	5.518772E-06	-1.081385E-05	
1471	5.737072E-06	-1.060491E-05	
1472	5.938160E-06	-1.041352E-05	
1473	6.122492E-06	-1.024360E-05	
1474	6.290680E-06	-1.009897E-05	
1475	6.443496E-06	-9.983399E-06	
1476	6.581900E-06	-9.900600E-06	
1477	6.707081E-06	-9.854264E-06	
1478	6.820517E-06	-9.848080E-06	
1479	6.924056E-06	-9.885749E-06	
1480	-6.975831E-06	-1.010700E-05	
1481	-6.880626E-06	-1.008958E-05	
1482	-6.774837E-06	-1.011867E-05	
1483	-6.656643E-06	-1.019002E-05	
1484	-6.524580E-06	-1.029948E-05	
1485	-6.377446E-06	-1.044302E-05	
1486	-6.214242E-06	-1.061662E-05	
1487	-6.034129E-06	-1.081625E-05	
1488	-5.836413E-06	-1.103785E-05	
1489	-5.620540E-06	-1.127728E-05	
1490	-5.386110E-06	-1.153028E-05	
1491	-5.132901E-06	-1.179257E-05	
1492	-4.860890E-06	-1.205979E-05	
1493	-4.570278E-06	-1.232759E-05	
1494	-4.261501E-06	-1.259168E-05	
1495	-3.935240E-06	-1.284791E-05	
1496	-3.592417E-06	-1.309230E-05	
1497	-3.234173E-06	-1.332117E-05	
1498	-2.861848E-06	-1.353112E-05	
1499	-2.476946E-06	-1.371915E-05	
1500	-2.081099E-06	-1.388264E-05	
1501	-1.676038E-06	-1.401937E-05	
1502	-1.263554E-06	-1.412755E-05	
1503	-8.454820E-07	-1.420579E-05	
1504	-4.236755E-07	-1.425313E-05	
1505	-2.044306E-14	-1.426897E-05	
1506	4.236754E-07	-1.425313E-05	
1507	8.454820E-07	-1.420579E-05	
1508	1.263554E-06	-1.412755E-05	
1509	1.676038E-06	-1.401937E-05	
1510	2.081099E-06	-1.388264E-05	
1511	2.476946E-06	-1.371915E-05	
1512	2.861848E-06	-1.353112E-05	
1513	3.234173E-06	-1.332117E-05	
1514	3.592417E-06	-1.309230E-05	
1515	3.935240E-06	-1.284791E-05	
1516	4.261501E-06	-1.259168E-05	
1517	4.570278E-06	-1.232759E-05	
1518	4.860890E-06	-1.205979E-05	
1519	5.132901E-06	-1.179257E-05	
1520	5.386110E-06	-1.153028E-05	
1521	5.620540E-06	-1.127728E-05	
1522	5.836413E-06	-1.103785E-05	
1523	6.034129E-06	-1.081625E-05	
1524	6.214242E-06	-1.061662E-05	
1525	6.377446E-06	-1.044302E-05	
1526	6.524580E-06	-1.029948E-05	
1527	6.656643E-06	-1.019002E-05	
1528	6.774837E-06	-1.011867E-05	
1529	6.880627E-06	-1.008958E-05	
1530	6.975831E-06	-1.010700E-05	
1531	-7.008039E-06	-1.030731E-05	
1532	-6.921701E-06	-1.031193E-05	
1533	-6.824026E-06	-1.036563E-05	
1534	-6.713285E-06	-1.046362E-05	
1535	-6.588073E-06	-1.060135E-05	
1536	-6.447209E-06	-1.077444E-05	
1537	-6.289669E-06	-1.097863E-05	
1538	-6.114552E-06	-1.120968E-05	
1539	-5.921067E-06	-1.146329E-05	
1540	-5.708545E-06	-1.173510E-05	
1541	-5.476465E-06	-1.202062E-05	
1542	-5.224490E-06	-1.231525E-05	
1543	-4.952502E-06	-1.261434E-05	
1544	-4.660640E-06	-1.291318E-05	
1545	-4.349320E-06	-1.320715E-05	
1546	-4.019243E-06	-1.349173E-05	
1547	-3.671391E-06	-1.376263E-05	
1548	-3.307007E-06	-1.401584E-05	
1549	-2.927554E-06	-1.424773E-05	
1550	-2.534680E-06	-1.445508E-05	
1551	-2.130168E-06	-1.463509E-05	
1552	-1.715891E-06	-1.478544E-05	
1553	-1.293778E-06	-1.490427E-05	
1554	-8.657846E-07	-1.499014E-05	
1555	-4.338715E-07	-1.504206E-05	
1556	-2.330999E-14	-1.505944E-05	
1557	4.338715E-07	-1.504206E-05	
1558	8.657846E-07	-1.499014E-05	
1559	1.293778E-06	-1.490427E-05	
1560	1.715891E-06	-1.478544E-05	
1561	2.130168E-06	-1.463509E-05	
1562	2.534680E-06	-1.445508E-05	
1563	2.927554E-06	-1.424773E-05	
1564	3.307007E-06	-1.401584E-05	
1565	3.671391E-06	-1.376263E-05	
1566	4.019243E-06	-1.349173E-05	
1567	4.349320E-06	-1.320715E-05	
1568	4.660640E-06	-1.291318E-05	
1569	4.952502E-06	-1.261434E-05	
1570	5.224490E-06	-1.231525E-05	
1571	5.476465E-06	-1.202062E-05	
1572	5.708546E-06	-1.173510E-05	
1573	5.921068E-06	-1.146329E-05	
1574	6.114552E-06	-1.120968E-05	
1575	6.289669E-06	-1.097863E-05	
1576	6.447209E-06	-1.077444E-05	
1577	6.588073E-06	-1.060135E-05	
1578	6.713285E-06	-1.046362E-05	
1579	6.824026E-06	-1.036563E-05	
1580	6.921701E-06	-1.031193E-05	
1581	7.008039E-06	-1.030731E-05	
1582	-7.018679E-06	-1.048533E-05	
1583	-6.941716E-06	-1.051405E-05	
1584	-6.852612E-06	-1.059424E-05	
1585	-6.749801E-06	-1.072060E-05	
1586	-6.631991E-06	-1.088821E-05	
1587	-6.498052E-06	-1.109245E-05	
1588	-6.346952E-06	-1.132885E-05	
1589	-6.177722E-06	-1.159300E-05	
1590	-5.989462E-06	-1.188043E-05	
1591	-5.781359E-06	-1.218656E-05	
1592	-5.552737E-06	-1.250665E-05	
1593	-5.303112E-06	-1.283580E-05	
1594	-5.032242E-06	-1.316900E-05	
1595	-4.740178E-06	-1.350116E-05	
1596	-4.427301E-06	-1.382725E-05	
1597	-4.094330E-06	-1.414233E-05	
1598	-3.742317E-06	-1.444173E-05	
1599	-3.372618E-06	-1.472110E-05	
1600	-2.986846E-06	-1.497651E-05	
1601	-2.586813E-06	-1.520451E-05	
1602	-2.174470E-06	-1.540214E-05	
1603	-1.751852E-06	-1.556698E-05	
1604	-1.321030E-06	-1.569710E-05	
1605	-8.840772E-07	-1.579104E-05	
1606	-4.430533E-07	-1.584780E-05	
1607	-2.689317E-14	-1.586679E-05	
1608	4.430533E-07	-1.584780E-05	
1609	8.840771E-07	-1.579104E-05	
1610	1.321030E-06	-1.569710E-05	
1611	1.751852E-06	-1.556698E-05	
1612	2.174470E-06	-1.540214E-05	
1613	2.586813E-06	-1.520451E-05	
1614	2.986846E-06	-1.497651E-05	
1615	3.372618E-06	-1.472110E-05	
1616	3.742317E-06	-1.444173E-05	
1617	4.094330E-06	-1.414233E-05	
1618	4.427301E-06	-1.382725E-05	
1619	4.740178E-06	-1.350116E-05	
1620	5.032242E-06	-1.316900E-05	
1621	5.303112E-06	-1.283580E-05	
1622	5.552737E-06	-1.250665E-05	
1623	5.781359E-06	-1.218656E-05	
1624	5.989462E-06	-1.188043E-05	
1625	6.177722E-06	-1.159300E-05	
1626	6.346952E-06	-1.132885E-05	
1627	6.498052E-06	-1.109245E-05	
1628	6.631991E-06	-1.088821E-05	
1629	6.749801E-06	-1.072060E-05	
1630	6.852612E-06	-1.059424E-05	
1631	6.941716E-06	-1.051405E-05	
1632	7.018679E-06	-1.048533E-05	
1633	-7.005427E-06	-1.063982E-05	
1634	-6.938304E-06	-1.069497E-05	
1635	-6.858203E-06	-1.080366E-05	
1636	-6.763803E-06	-1.096015E-05	
1637	-6.653983E-06	-1.115927E-05	
1638	-6.527700E-06	-1.139620E-05	
1639	-6.383924E-06	-1.166638E-05	
1640	-6.221612E-06	-1.196529E-05	
1641	-6.039728E-06	-1.228832E-05	
1642	-5.837282E-06	-1.263073E-05	
1643	-5.613400E-06	-1.298752E-05	
1644	-5.367406E-06	-1.335348E-05	
1645	-5.098892E-06	-1.372319E-05	
1646	-4.807797E-06	-1.409112E-05	
1647	-4.494446E-06	-1.445173E-05	
1648	-4.159577E-06	-1.479963E-05	
1649	-3.804323E-06	-1.512968E-05	
1650	-3.430181E-06	-1.543712E-05	
1651	-3.038942E-06	-1.571769E-05	
1652	-2.632615E-06	-1.596771E-05	
1653	-2.213349E-06	-1.618406E-05	
1654	-1.783357E-06	-1.636422E-05	
1655	-1.344860E-06	-1.650624E-05	
1656	-9.000464E-07	-1.660865E-05	
1657	-4.510601E-07	-1.667049E-05	
1658	-3.609223E-14	-1.669116E-05	
1659	4.510600E-07	-1.667049E-05	
1660	9.000463E-07	-1.660865E-05	
1661	1.344860E-06	-1.650624E-05	
1662	1.783357E-06	-1.636422E-05	
1663	2.213349E-06	-1.618406E-05	
1664	2.632615E-06	-1.596771E-05	
1665	3.038942E-06	-1.571769E-05	
1666	3.430181E-06	-1.543712E-05	
1667	3.804323E-06	-1.512968E-05	
1668	4.159577E-06	-1.479963E-05	
1669	4.494446E-06	-1.445173E-05	
1670	4.807797E-06	-1.409112E-05	
1671	5.098892E-06	-1.372319E-05	
1672	5.367406E-06	-1.335348E-05	
1673	5.613400E-06	-1.298752E-05	
1674	5.837282E-06	-1.263073E-05	
1675	6.039728E-06	-1.228832E-05	
1676	6.221612E-06	-1.196529E-05	
1677	6.383924E-06	-1.166638E-05	
1678	6.527700E-06	-1.139620E-05	
1679	6.653983E-06	-1.115927E-05	
1680	6.763804E-06	-1.096015E-05	
1681	6.858203E-06	-1.080366E-05	
1682	6.938304E-06	-1.069497E-05	
1683	7.005427E-06	-1.063982E-05	
1684	-6.965639E-06	-1.076969E-05	
1685	-6.908756E-06	-1.085382E-05	
1686	-6.838046E-06	-1.099312E-05	
1687	-6.752533E-06	-1.118153E-05	
1688	-6.651328E-06	-1.141369E-05	
1689	-6.533513E-06	-1.168478E-05	
1690	-6.398068E-06	-1.199020E-05	
1691	-6.243863E-06	-1.232544E-05	
1692	-6.069692E-06	-1.268584E-05	
1693	-5.874341E-06	-1.306650E-05	
1694	-5.656684E-06	-1.346221E-05	
1695	-5.415792E-06	-1.386740E-05	
1696	-5.151047E-06	-1.427619E-05	
1697	-4.862230E-06	-1.468254E-05	
1698	-4.549597E-06	-1.508032E-05	
1699	-4.213900E-06	-1.546355E-05	
1700	-3.856380E-06	-1.582654E-05	
1701	-3.478707E-06	-1.616409E-05	
1702	-3.082894E-06	-1.647155E-05	
1703	-2.671194E-06	-1.674498E-05	
1704	-2.245991E-06	-1.698111E-05	
1705	-1.809701E-06	-1.717739E-05	
1706	-1.364705E-06	-1.733184E-05	
1707	-9.132997E-07	-1.744308E-05	
1708	-4.576898E-07	-1.751017E-05	
1709	-4.845526E-14	-1.753260E-05	
1710	4.576897E-07	-1.751017E-05	
1711	9.132996E-07	-1.744308E-05	
1712	1.364705E-06	-1.733184E-05	
1713	1.809701E-06	-1.717739E-05	
1714	2.245991E-06	-1.698111E-05	
1715	2.671194E-06	-1.674498E-05	
1716	3.082894E-06	-1.647155E-05	
1717	3.478707E-06	-1.616409E-05	
1718	3.856380E-06	-1.582654E-05	
1719	4.213900E-06	-1.546355E-05	
1720	4.549597E-06	-1.508032E-05	
1721	4.862230E-06	-1.468254E-05	
1722	5.151047E-06	-1.427619E-05	
1723	5.415792E-06	-1.386740E-05	
1724	5.656684E-06	-1.346221E-05	
1725	5.874341E-06	-1.306650E-05	
1726	6.069692E-06	-1.268584E-05	
1727	6.243863E-06	-1.232544E-05	
1728	6.398068E-06	-1.199020E-05	
1729	6.533513E-06	-1.168478E-05	
1730	6.651328E-06	-1.141369E-05	
1731	6.752533E-06	-1.118153E-05	
1732	6.838046E-06	-1.099312E-05	
1733	6.908756E-06	-1.085382E-05	
1734	6.965640E-06	-1.076969E-05	
1735	-6.896365E-06	-1.087405E-05	
1736	-6.850022E-06	-1.098990E-05	
1737	-6.789030E-06	-1.116198E-05	
1738	-6.712859E-06	-1.138401E-05	
1739	-6.620929E-06	-1.165065E-05	
1740	-6.512479E-06	-1.195718E-05	
1741	-6.386506E-06	-1.229916E-05	
1742	-6.241774E-06	-1.267218E-05	
1743	-6.076865E-06	-1.307163E-05	
1744	-5.890278E-06	-1.349255E-05	
1745	-5.680565E-06	-1.392948E-05	
1746	-5.446473E-06	-1.437648E-05	
1747	-5.187103E-06	-1.482717E-05	
1748	-4.902035E-06	-1.527484E-05	
1749	-4.591426E-06	-1.571269E-05	
1750	-4.256050E-06	-1.613402E-05	
1751	-3.897283E-06	-1.653248E-05	
1752	-3.517021E-06	-1.690230E-05	
1753	-3.117562E-06	-1.723843E-05	
1754	-2.701465E-06	-1.753665E-05	
1755	-2.271399E-06	-1.779359E-05	
1756	-1.830017E-06	-1.800667E-05	
1757	-1.379869E-06	-1.817400E-05	
1758	-9.233493E-07	-1.829432E-05	
1759	-4.626914E-07	-1.836681E-05	
1760	-6.705600E-14	-1.839102E-05	
1761	4.626912E-07	-1.836681E-05	
1762	9.233492E-07	-1.829432E-05	
1763	1.379869E-06	-1.817400E-05	
1764	1.830017E-06	-1.800667E-05	
1765	2.271399E-06	-1.779359E-05	
1766	2.701465E-06	-1.753665E-05	
1767	3.117562E-06	-1.723843E-05	
1768	3.517021E-06	-1.690230E-05	
1769	3.897283E-06	-1.653248E-05	
1770	4.256050E-06	-1.613402E-05	
1771	4.591426E-06	-1.571269E-05	
1772	4.902035E-06	-1.527484E-05	
1773	5.187103E-06	-1.482717E-05	
1774	5.446473E-06	-1.437648E-05	
1775	5.680565E-06	-1.392948E-05	
1776	5.890278E-06	-1.349255E-05	
1777	6.076865E-06	-1.307163E-05	
1778	6.241774E-06	-1.267218E-05	
1779	6.386506E-06	-1.229916E-05	
1780	6.512479E-06	-1.195718E-05	
1781	6.620929E-06	-1.165065E-05	
1782	6.712859E-06	-1.138401E-05	
1783	6.789030E-06	-1.116198E-05	
1784	6.850022E-06	-1.098990E-05	
1785	6.896365E-06	-1.087405E-05	
1786	-6.794372E-06	-1.095230E-05	
1787	-6.758741E-06	-1.110279E-05	
1788	-6.707703E-06	-1.130976E-05	
1789	-6.641297E-06	-1.156697E-05	
1790	-6.559324E-06	-1.186929E-05	
1791	-6.461217E-06	-1.221231E-05	
1792	-6.345998E-06	-1.259193E-05	
1793	-6.212294E-06	-1.300401E-05	
1794	-6.058425E-06	-1.344411E-05	
1795	-5.882533E-06	-1.390727E-05	
1796	-5.682753E-06	-1.438782E-05	
1797	-5.457417E-06	-1.487943E-05	
1798	-5.205257E-06	-1.537509E-05	
1799	-4.925586E-06	-1.586734E-05	
1800	-4.618432E-06	-1.634851E-05	
1801	-4.284597E-06	-1.681101E-05	
1802	-3.925633E-06	-1.724770E-05	
1803	-3.543737E-06	-1.765212E-05	
1804	-3.141581E-06	-1.801877E-05	
1805	-2.722112E-06	-1.834314E-05	
1806	-2.288353E-06	-1.862178E-05	
1807	-1.843238E-06	-1.885221E-05	
1808	-1.389495E-06	-1.903272E-05	
1809	-9.295937E-07	-1.916224E-05	
1810	-4.657547E-07	-1.924015E-05	
1811	-8.357338E-14	-1.926615E-05	
1812	4.657545E-07	-1.924015E-05	
1813	9.295935E-07	-1.916224E-05	
1814	1.389494E-06	-1.903272E-05	
1815	1.843238E-06	-1.885221E-05	
1816	2.288353E-06	-1.862178E-05	
1817	2.722112E-06	-1.834314E-05	
1818	3.141581E-06	-1.801877E-05	
1819	3.543737E-06	-1.765212E-05	
1820	3.925633E-06	-1.724770E-05	
1821	4.284597E-06	-1.681101E-05	
1822	4.618432E-06	-1.634851E-05	
1823	4.925586E-06	-1.586734E-05	
1824	5.205257E-06	-1.537509E-05	
1825	5.457417E-06	-1.487943E-05	
1826	5.682753E-06	-1.438782E-05	
1827	5.882533E-06	-1.390727E-05	
1828	6.058425E-06	-1.344411E-05	
1829	6.212294E-06	-1.300401E-05	
1830	6.345998E-06	-1.259193E-05	
1831	6.461217E-06	-1.221231E-05	
1832	6.559324E-06	-1.186929E-05	
1833	6.641297E-06	-1.156697E-05	
1834	6.707703E-06	-1.130976E-05	
1835	6.758741E-06	-1.110279E-05	
1836	6.794372E-06	-1.095230E-05	
1837	-6.656198E-06	-1.100425E-05	
1838	-6.631281E-06	-1.119234E-05	
1839	-6.590315E-06	-1.143621E-05	
1840	-6.534038E-06	-1.172990E-05	
1841	-6.462708E-06	-1.206878E-05	
1842	-6.375993E-06	-1.244901E-05	
1843	-6.272938E-06	-1.286703E-05	
1844	-6.152010E-06	-1.331919E-05	
1845	-6.011207E-06	-1.380138E-05	
1846	-5.848223E-06	-1.430872E-05	
1847	-5.660671E-06	-1.483541E-05	
1848	-5.446343E-06	-1.537464E-05	
1849	-5.203490E-06	-1.591872E-05	
1850	-4.931067E-06	-1.645923E-05	
1851	-4.628928E-06	-1.698741E-05	
1852	-4.297912E-06	-1.749457E-05	
1853	-3.939812E-06	-1.797255E-05	
1854	-3.557227E-06	-1.841409E-05	
1855	-3.153321E-06	-1.881312E-05	
1856	-2.731548E-06	-1.916490E-05	
1857	-2.295375E-06	-1.946599E-05	
1858	-1.848065E-06	-1.971409E-05	
1859	-1.392534E-06	-1.990783E-05	
1860	-9.312987E-07	-2.004648E-05	
1861	-4.665016E-07	-2.012973E-05	
1862	-9.907080E-14	-2.015749E-05	
1863	4.665014E-07	-2.012973E-05	
1864	9.312985E-07	-2.004648E-05	
1865	1.392534E-06	-1.990783E-05	
1866	1.848065E-06	-1.971409E-05	
1867	2.295375E-06	-1.946599E-05	
1868	2.731548E-06	-1.916490E-05	
1869	3.153321E-06	-1.881312E-05	
1870	3.557226E-06	-1.841409E-05	
1871	3.939812E-06	-1.797255E-05	
1872	4.297912E-06	-1.749457E-05	
1873	4.628928E-06	-1.698741E-05	
1874	4.931067E-06	-1.645923E-05	
1875	5.203490E-06	-1.591872E-05	
1876	5.446343E-06	-1.537464E-05	
1877	5.660671E-06	-1.483541E-05	
1878	5.848223E-06	-1.430872E-05	
1879	6.011207E-06	-1.380138E-05	
1880	6.152010E-06	-1.331919E-05	
1881	6.272938E-06	-1.286703E-05	
1882	6.375993E-06	-1.244901E-05	
1883	6.462708E-06	-1.206878E-05	
1884	6.534038E-06	-1.172990E-05	
1885	6.590315E-06	-1.143621E-05	
1886	6.631281E-06	-1.119234E-05	
1887	6.656198E-06	-1.100425E-05	
1888	-6.478235E-06	-1.103021E-05	
1889	-6.463818E-06	-1.125883E-05	
1890	-6.432891E-06	-1.154134E-05	
1891	-6.387016E-06	-1.187244E-05	
1892	-6.326989E-06	-1.224832E-05	
1893	-6.252748E-06	-1.266600E-05	
1894	-6.163372E-06	-1.312278E-05	
1895	-6.057141E-06	-1.361570E-05	
1896	-5.931671E-06	-1.414119E-05	
1897	-5.784110E-06	-1.469459E-05	
1898	-5.611416E-06	-1.527002E-05	
1899	-5.410689E-06	-1.586021E-05	
1900	-5.179542E-06	-1.645659E-05	
1901	-4.916449E-06	-1.704958E-05	
1902	-4.621023E-06	-1.762904E-05	
1903	-4.294152E-06	-1.818486E-05	
1904	-3.937954E-06	-1.870757E-05	
1905	-3.555575E-06	-1.918892E-05	
1906	-3.150840E-06	-1.962222E-05	
1907	-2.727865E-06	-2.000252E-05	
1908	-2.290677E-06	-2.032651E-05	
1909	-1.842928E-06	-2.059229E-05	
1910	-1.387725E-06	-2.079899E-05	
1911	-9.275814E-07	-2.094644E-05	
1912	-4.644782E-07	-2.103478E-05	
1913	-1.161204E-13	-2.106420E-05	
1914	4.644780E-07	-2.103478E-05	
1915	9.275812E-07	-2.094644E-05	
1916	1.387725E-06	-2.079899E-05	
1917	1.842928E-06	-2.059229E-05	
1918	2.290677E-06	-2.032651E-05	
1919	2.727865E-06	-2.000252E-05	
1920	3.150840E-06	-1.962222E-05	
1921	3.555575E-06	-1.918892E-05	
1922	3.937954E-06	-1.870757E-05	
1923	4.294152E-06	-1.818486E-05	
1924	4.621023E-06	-1.762904E-05	
1925	4.916449E-06	-1.704958E-05	
1926	5.179542E-06	-1.645659E-05	
1927	5.410689E-06	-1.586021E-05	
1928	5.611416E-06	-1.527002E-05	
1929	5.784110E-06	-1.469459E-05	
1930	5.931671E-06	-1.414119E-05	
1931	6.057141E-06	-1.361571E-05	
1932	6.163372E-06	-1.312278E-05	
1933	6.252748E-06	-1.266600E-05	
1934	6.326989E-06	-1.224832E-05	
1935	6.387016E-06	-1.187244E-05	
1936	6.432891E-06	-1.154134E-05	
1937	6.463818E-06	-1.125883E-05	
1938	6.478235E-06	-1.103021E-05	
1939	-6.256852E-06	-1.103115E-05	
1940	-6.252459E-06	-1.130300E-05	
1941	-6.231344E-06	-1.162550E-05	
1942	-6.196013E-06	-1.199442E-05	
1943	-6.147868E-06	-1.240717E-05	
1944	-6.087159E-06	-1.286200E-05	
1945	-6.013016E-06	-1.335733E-05	
1946	-5.923524E-06	-1.389124E-05	
1947	-5.815864E-06	-1.446090E-05	
1948	-5.686540E-06	-1.506211E-05	
1949	-5.531699E-06	-1.568899E-05	
1950	-5.347553E-06	-1.633378E-05	
1951	-5.130866E-06	-1.698690E-05	
1952	-4.879456E-06	-1.763730E-05	
1953	-4.592594E-06	-1.827305E-05	
1954	-4.271220E-06	-1.888218E-05	
1955	-3.917902E-06	-1.945354E-05	
1956	-3.536529E-06	-1.997763E-05	
1957	-3.131826E-06	-2.044706E-05	
1958	-2.708779E-06	-2.085672E-05	
1959	-2.272121E-06	-2.120367E-05	
1960	-1.825958E-06	-2.148665E-05	
1961	-1.373573E-06	-2.170562E-05	
1962	-9.174022E-07	-2.186118E-05	
1963	-4.591523E-07	-2.195411E-05	
1964	-1.341386E-13	-2.198501E-05	
1965	4.591520E-07	-2.195411E-05	
1966	9.174020E-07	-2.186118E-05	
1967	1.373572E-06	-2.170562E-05	
1968	1.825958E-06	-2.148665E-05	
1969	2.272121E-06	-2.120367E-05	
1970	2.708778E-06	-2.085672E-05	
1971	3.131826E-06	-2.044706E-05	
1972	3.536529E-06	-1.997763E-05	
1973	3.917902E-06	-1.945354E-05	
1974	4.271220E-06	-1.888218E-05	
1975	4.592594E-06	-1.827305E-05	
1976	4.879456E-06	-1.763730E-05	
1977	5.130866E-06	-1.698690E-05	
1978	5.347553E-06	-1.633378E-05	
1979	5.531699E-06	-1.568899E-05	
1980	5.686540E-06	-1.506211E-05	
1981	5.815864E-06	-1.446090E-05	
1982	5.923524E-06	-1.389124E-05	
1983	6.013016E-06	-1.335733E-05	
1984	6.087159E-06	-1.286200E-05	
1985	6.147868E-06	-1.240717E-05	
1986	6.196013E-06	-1.199442E-05	
1987	6.231344E-06	-1.162550E-05	
1988	6.252459E-06	-1.130300E-05	
1989	6.256852E-06	-1.103115E-05	
1990	-5.988576E-06	-1.100876E-05	
1991	-5.993419E-06	-1.132618E-05	
1992	-5.981652E-06	-1.168943E-05	
1993	-5.956814E-06	-1.209593E-05	
1994	-5.920968E-06	-1.254473E-05	
1995	-5.874723E-06	-1.303568E-05	
1996	-5.817299E-06	-1.356871E-05	
1997	-5.746602E-06	-1.414323E-05	
1998	-5.659361E-06	-1.475748E-05	
1999	-5.551349E-06	-1.540798E-05	
2000	-5.417734E-06	-1.608905E-05	
2001	-5.253590E-06	-1.679246E-05	
2002	-5.054551E-06	-1.750745E-05	
2003	-4.817512E-06	-1.822110E-05	
2004	-4.541240E-06	-1.891914E-05	
2005	-4.226726E-06	-1.958712E-05	
2006	-3.877149E-06	-2.021166E-05	
2007	-3.497434E-06	-2.078165E-05	
2008	-3.093529E-06	-2.128891E-05	
2009	-2.671572E-06	-2.172837E-05	
2010	-2.237181E-06	-2.209772E-05	
2011	-1.794971E-06	-2.239681E-05	
2012	-1.348354E-06	-2.262678E-05	
2013	-8.995765E-07	-2.278931E-05	
2014	-4.499220E-07	-2.288606E-05	
2015	-1.461190E-13	-2.291817E-05	
2016	4.499217E-07	-2.288606E-05	
2017	8.995762E-07	-2.278931E-05	
2018	1.348354E-06	-2.262678E-05	
2019	1.794971E-06	-2.239682E-05	
2020	2.237181E-06	-2.209773E-05	
2021	2.671572E-06	-2.172837E-05	
2022	3.093529E-06	-2.128891E-05	
2023	3.497434E-06	-2.078166E-05	
2024	3.877149E-06	-2.021166E-05	
2025	4.226726E-06	-1.958712E-05	
2026	4.541240E-06	-1.891914E-05	
2027	4.817512E-06	-1.822110E-05	
2028	5.054551E-06	-1.750745E-05	
2029	5.253590E-06	-1.679246E-05	
2030	5.417734E-06	-1.608905E-05	
2031	5.551349E-06	-1.540798E-05	
2032	5.659361E-06	-1.475748E-05	
2033	5.746602E-06	-1.414323E-05	
2034	5.817299E-06	-1.356871E-05	
2035	5.874724E-06	-1.303568E-05	
2036	5.920968E-06	-1.254473E-05	
2037	5.956814E-06	-1.209593E-05	
2038	5.981652E-06	-1.168943E-05	
2039	5.993419E-06	-1.132618E-05	
2040	5.988576E-06	-1.100876E-05	
2041	-5.670335E-06	-1.096567E-05	
2042	-5.683275E-06	-1.133031E-05	
2043	-5.680107E-06	-1.173434E-05	
2044	-5.665442E-06	-1.217738E-05	
2045	-5.642033E-06	-1.266059E-05	
2046	-5.610901E-06	-1.318582E-05	
2047	-5.571424E-06	-1.375488E-05	
2048	-5.521410E-06	-1.436886E-05	
2049	-5.457175E-06	-1.502748E-05	
2050	-5.373716E-06	-1.572835E-05	
2051	-5.265059E-06	-1.646627E-05	
2052	-5.124845E-06	-1.723268E-05	
2053	-4.947177E-06	-1.801549E-05	
2054	-4.727633E-06	-1.879942E-05	
2055	-4.464209E-06	-1.956708E-05	
2056	-4.157913E-06	-2.030061E-05	
2057	-3.812764E-06	-2.098364E-05	
2058	-3.435143E-06	-2.160295E-05	
2059	-3.032682E-06	-2.214949E-05	
2060	-2.613047E-06	-2.261850E-05	
2061	-2.182938E-06	-2.300890E-05	
2062	-1.747499E-06	-2.332214E-05	
2063	-1.310165E-06	-2.356108E-05	
2064	-8.728232E-07	-2.372889E-05	
2065	-4.361458E-07	-2.382835E-05	
2066	-1.532701E-13	-2.386129E-05	
2067	4.361455E-07	-2.382835E-05	
2068	8.728229E-07	-2.372889E-05	
2069	1.310165E-06	-2.356108E-05	
2070	1.747498E-06	-2.332214E-05	
2071	2.182937E-06	-2.300890E-05	
2072	2.613047E-06	-2.261850E-05	
2073	3.032682E-06	-2.214949E-05	
2074	3.435143E-06	-2.160295E-05	
2075	3.812764E-06	-2.098364E-05	
2076	4.157913E-06	-2.030062E-05	
2077	4.464209E-06	-1.956708E-05	
2078	4.727633E-06	-1.879942E-05	
2079	4.947177E-06	-1.801549E-05	
2080	5.124844E-06	-1.723268E-05	
2081	5.265059E-06	-1.646627E-05	
2082	5.373716E-06	-1.572835E-05	
2083	5.457175E-06	-1.502748E-05	
2084	5.521410E-06	-1.436886E-05	
2085	5.571424E-06	-1.375488E-05	
2086	5.610901E-06	-1.318582E-05	
2087	5.642033E-06	-1.266059E-05	
2088	5.665442E-06	-1.217738E-05	
2089	5.680107E-06	-1.173434E-05	
2090	5.683275E-06	-1.133031E-05	
2091	5.670335E-06	-1.096567E-05	
2092	-5.299783E-06	-1.090545E-05	
2093	-5.319299E-06	-1.131805E-05	
2094	-5.323652E-06	-1.176193E-05	
2095	-5.318476E-06	-1.223957E-05	
2096	-5.307203E-06	-1.275469E-05	
2097	-5.291320E-06	-1.331147E-05	
2098	-5.270490E-06	-1.391393E-05	
2099	-5.242579E-06	-1.456526E-05	
2100	-5.203634E-06	-1.526712E-05	
2101	-5.147937E-06	-1.601873E-05	
2102	-5.068256E-06	-1.681587E-05	
2103	-4.956456E-06	-1.764997E-05	
2104	-4.804573E-06	-1.850752E-05	
2105	-4.606256E-06	-1.937031E-05	
2106	-4.358274E-06	-2.021671E-05	
2107	-4.061552E-06	-2.102413E-05	
2108	-3.721277E-06	-2.177197E-05	
2109	-3.345902E-06	-2.244423E-05	
2110	-2.945419E-06	-2.303099E-05	
2111	-2.529502E-06	-2.352835E-05	
2112	-2.106123E-06	-2.393723E-05	
2113	-1.680894E-06	-2.426157E-05	
2114	-1.257055E-06	-2.450657E-05	
2115	-8.358783E-07	-2.467736E-05	
2116	-4.172078E-07	-2.477807E-05	
2117	-1.585575E-13	-2.481134E-05	
2118	4.172075E-07	-2.477807E-05	
2119	8.358781E-07	-2.467736E-05	
2120	1.257055E-06	-2.450657E-05	
2121	1.680894E-06	-2.426157E-05	
2122	2.106123E-06	-2.393723E-05	
2123	2.529502E-06	-2.352835E-05	
2124	2.945419E-06	-2.303099E-05	
2125	3.345902E-06	-2.244423E-05	
2126	3.721277E-06	-2.177197E-05	
2127	4.061552E-06	-2.102413E-05	
2128	4.358273E-06	-2.021671E-05	
2129	4.606256E-06	-1.937031E-05	
2130	4.804573E-06	-1.850752E-05	
2131	4.956456E-06	-1.764997E-05	
2132	5.068256E-06	-1.681587E-05	
2133	5.147937E-06	-1.601873E-05	
2134	5.203634E-06	-1.526712E-05	
2135	5.242578E-06	-1.456526E-05	
2136	5.270490E-06	-1.391393E-05	
2137	5.291320E-06	-1.331147E-05	
2138	5.307203E-06	-1.275469E-05	
2139	5.318476E-06	-1.223957E-05	
2140	5.323652E-06	-1.176193E-05	
2141	5.319299E-06	-1.131805E-05	
2142	5.299783E-06	-1.090545E-05	
2143	-4.875700E-06	-1.083272E-05	
2144	-4.899888E-06	-1.129272E-05	
2145	-4.910321E-06	-1.177445E-05	
2146	-4.913477E-06	-1.228381E-05	
2147	-4.913397E-06	-1.282744E-05	
2148	-4.912089E-06	-1.341212E-05	
2149	-4.909680E-06	-1.404433E-05	
2150	-4.904368E-06	-1.472975E-05	
2151	-4.892240E-06	-1.547249E-05	
2152	-4.867103E-06	-1.627409E-05	
2153	-4.820493E-06	-1.713212E-05	
2154	-4.742176E-06	-1.803865E-05	
2155	-4.621397E-06	-1.897893E-05	
2156	-4.448936E-06	-1.993116E-05	
2157	-4.219531E-06	-2.086795E-05	
2158	-3.933783E-06	-2.175987E-05	
2159	-3.598510E-06	-2.258020E-05	
2160	-3.225204E-06	-2.330918E-05	
2161	-2.827196E-06	-2.393617E-05	
2162	-2.416778E-06	-2.445916E-05	
2163	-2.003303E-06	-2.488238E-05	
2164	-1.592589E-06	-2.521341E-05	
2165	-1.187290E-06	-2.546060E-05	
2166	-7.877107E-07	-2.563144E-05	
2167	-3.926361E-07	-2.573161E-05	
2168	-1.530816E-13	-2.576461E-05	
2169	3.926358E-07	-2.573161E-05	
2170	7.877104E-07	-2.563144E-05	
2171	1.187290E-06	-2.546060E-05	
2172	1.592588E-06	-2.521341E-05	
2173	2.003302E-06	-2.488238E-05	
2174	2.416777E-06	-2.445916E-05	
2175	2.827196E-06	-2.393617E-05	
2176	3.225203E-06	-2.330918E-05	
2177	3.598510E-06	-2.258020E-05	
2178	3.933783E-06	-2.175987E-05	
2179	4.219531E-06	-2.086795E-05	
2180	4.448935E-06	-1.993116E-05	
2181	4.621397E-06	-1.897893E-05	
2182	4.742176E-06	-1.803865E-05	
2183	4.820493E-06	-1.713212E-05	
2184	4.867103E-06	-1.627409E-05	
2185	4.892240E-06	-1.547249E-05	
2186	4.904367E-06	-1.472975E-05	
2187	4.909680E-06	-1.404433E-05	
2188	4.912089E-06	-1.341212E-05	
2189	4.913396E-06	-1.282744E-05	
2190	4.913476E-06	-1.228381E-05	
2191	4.910321E-06	-1.177445E-05	
2192	4.899888E-06	-1.129272E-05	
2193	4.875700E-06	-1.083272E-05	
2194	-4.398461E-06	-1.075305E-05	
2195	-4.425079E-06	-1.125829E-05	
2196	-4.439772E-06	-1.177469E-05	
2197	-4.449519E-06	-1.231202E-05	
2198	-4.458818E-06	-1.287998E-05	
2199	-4.470239E-06	-1.348806E-05	
2200	-4.484600E-06	-1.414535E-05	
2201	-4.500821E-06	-1.486025E-05	
2202	-4.515558E-06	-1.563991E-05	
2203	-4.522683E-06	-1.648905E-05	
2204	-4.512848E-06	-1.740824E-05	
2205	-4.473560E-06	-1.839145E-05	
2206	-4.390401E-06	-1.942345E-05	
2207	-4.249805E-06	-2.047833E-05	
2208	-4.043055E-06	-2.152074E-05	
2209	-3.769841E-06	-2.251107E-05	
2210	-3.439323E-06	-2.341339E-05	
2211	-3.067581E-06	-2.420273E-05	
2212	-2.672764E-06	-2.486834E-05	
2213	-2.270471E-06	-2.541199E-05	
2214	-1.871283E-06	-2.584333E-05	
2215	-1.480600E-06	-2.617510E-05	
2216	-1.099834E-06	-2.641966E-05	
2217	-7.278820E-07	-2.658714E-05	
2218	-3.622937E-07	-2.668476E-05	
2219	-1.547376E-13	-2.671684E-05	
2220	3.622934E-07	-2.668476E-05	
2221	7.278817E-07	-2.658714E-05	
2222	1.099834E-06	-2.641966E-05	
2223	1.480600E-06	-2.617510E-05	
2224	1.871283E-06	-2.584333E-05	
2225	2.270471E-06	-2.541199E-05	
2226	2.672764E-06	-2.486834E-05	
2227	3.067581E-06	-2.420273E-05	
2228	3.439323E-06	-2.341339E-05	
2229	3.769841E-06	-2.251107E-05	
2230	4.043055E-06	-2.152074E-05	
2231	4.249805E-06	-2.047833E-05	
2232	4.390401E-06	-1.942345E-05	
2233	4.473560E-06	-1.839145E-05	
2234	4.512848E-06	-1.740824E-05	
2235	4.522682E-06	-1.648905E-05	
2236	4.515558E-06	-1.563991E-05	
2237	4.500821E-06	-1.486025E-05	
2238	4.484600E-06	-1.414535E-05	
2239	4.470239E-06	-1.348806E-05	
2240	4.458818E-06	-1.287998E-05	
2241	4.449519E-06	-1.231202E-05	
2242	4.439772E-06	-1.177469E-05	
2243	4.425079E-06	-1.125829E-05	
2244	4.398461E-06	-1.075305E-05	
2245	-3.870551E-06	-1.067274E-05	
2246	-3.897120E-06	-1.121917E-05	
2247	-3.913900E-06	-1.176592E-05	
2248	-3.927827E-06	-1.232676E-05	
2249	-3.943604E-06	-1.291438E-05	
2250	-3.964365E-06	-1.354078E-05	
2251	-3.991842E-06	-1.421757E-05	
2252	-4.026153E-06	-1.495602E-05	
2253	-4.065260E-06	-1.576669E-05	
2254	-4.104080E-06	-1.665846E-05	
2255	-4.133325E-06	-1.763654E-05	
2256	-4.138643E-06	-1.869904E-05	
2257	-4.101098E-06	-1.983221E-05	
2258	-4.000597E-06	-2.100621E-05	
2259	-3.822274E-06	-2.217477E-05	
2260	-3.563622E-06	-2.328249E-05	
2261	-3.237200E-06	-2.427879E-05	
2262	-2.866359E-06	-2.513136E-05	
2263	-2.476293E-06	-2.583107E-05	
2264	-2.086503E-06	-2.638709E-05	
2265	-1.707976E-06	-2.681776E-05	
2266	-1.344441E-06	-2.714287E-05	
2267	-9.951191E-07	-2.737936E-05	
2268	-6.570788E-07	-2.753991E-05	
2269	-3.266442E-07	-2.763304E-05	
2270	-1.421484E-13	-2.766356E-05	
2271	3.266439E-07	-2.763304E-05	
2272	6.570786E-07	-2.753991E-05	
2273	9.951189E-07	-2.737936E-05	
2274	1.344441E-06	-2.714287E-05	
2275	1.707976E-06	-2.681776E-05	
2276	2.086503E-06	-2.638709E-05	
2277	2.476293E-06	-2.583107E-05	
2278	2.866359E-06	-2.513136E-05	
2279	3.237199E-06	-2.427879E-05	
2280	3.563622E-06	-2.328250E-05	
2281	3.822274E-06	-2.217477E-05	
2282	4.000597E-06	-2.100621E-05	
2283	4.101098E-06	-1.983221E-05	
2284	4.138643E-06	-1.869904E-05	
2285	4.133325E-06	-1.763654E-05	
2286	4.104080E-06	-1.665846E-05	
2287	4.065260E-06	-1.576669E-05	
2288	4.026153E-06	-1.495602E-05	
2289	3.991842E-06	-1.421757E-05	
2290	3.964365E-06	-1.354078E-05	
2291	3.943603E-06	-1.291438E-05	
2292	3.927827E-06	-1.232676E-05	
2293	3.913900E-06	-1.176592E-05	
2294	3.897119E-06	-1.121917E-05	
2295	3.870551E-06	-1.067274E-05	
2296	-3.297055E-06	-1.059843E-05	
2297	-3.321043E-06	-1.117994E-05	
2298	-3.337458E-06	-1.175177E-05	
2299	-3.352452E-06	-1.233135E-05	
2300	-3.370586E-06	-1.293381E-05	
2301	-3.395477E-06	-1.357327E-05	
2302	-3.429904E-06	-1.426354E-05	
2303	-3.475594E-06	-1.501853E-05	
2304	-3.532650E-06	-1.585232E-05	
2305	-3.598426E-06	-1.677862E-05	
2306	-3.665649E-06	-1.780919E-05	
2307	-3.719744E-06	-1.894972E-05	
2308	-3.737351E-06	-2.019236E-05	
2309	-3.688664E-06	-2.150565E-05	
2310	-3.547854E-06	-2.282897E-05	
2311	-3.306866E-06	-2.408124E-05	
2312	-2.983585E-06	-2.518686E-05	
2313	-2.613399E-06	-2.610318E-05	
2314	-2.231974E-06	-2.682730E-05	
2315	-1.862489E-06	-2.738275E-05	
2316	-1.514059E-06	-2.780132E-05	
2317	-1.186612E-06	-2.811149E-05	
2318	-8.761301E-07	-2.833459E-05	
2319	-5.777808E-07	-2.848512E-05	
2320	-2.870636E-07	-2.857215E-05	
2321	-1.135422E-13	-2.860064E-05	
2322	2.870634E-07	-2.857215E-05	
2323	5.777807E-07	-2.848512E-05	
2324	8.761300E-07	-2.833459E-05	
2325	1.186612E-06	-2.811149E-05	
2326	1.514059E-06	-2.780132E-05	
2327	1.862489E-06	-2.738276E-05	
2328	2.231974E-06	-2.682730E-05	
2329	2.613399E-06	-2.610318E-05	
2330	2.983585E-06	-2.518686E-05	
2331	3.306865E-06	-2.408124E-05	
2332	3.547854E-06	-2.282897E-05	
2333	3.688663E-06	-2.150565E-05	
2334	3.737351E-06	-2.019236E-05	
2335	3.719744E-06	-1.894972E-05	
2336	3.665649E-06	-1.780919E-05	
2337	3.598426E-06	-1.677862E-05	
2338	3.532650E-06	-1.585232E-05	
2339	3.475594E-06	-1.501853E-05	
2340	3.429904E-06	-1.426354E-05	
2341	3.395477E-06	-1.357327E-05	
2342	3.370585E-06	-1.293381E-05	
2343	3.352451E-06	-1.233135E-05	
2344	3.337458E-06	-1.175177E-05	
2345	3.321042E-06	-1.117994E-05	
2346	3.297055E-06	-1.059843E-05	
2347	-2.686024E-06	-1.053639E-05	
2348	-2.705127E-06	-1.114490E-05	
2349	-2.718591E-06	-1.173605E-05	
2350	-2.730908E-06	-1.232973E-05	
2351	-2.746108E-06	-1.294265E-05	
2352	-2.768077E-06	-1.359035E-05	
2353	-2.800543E-06	-1.428829E-05	
2354	-2.846960E-06	-1.505249E-05	
2355	-2.910155E-06	-1.590007E-05	
2356	-2.991385E-06	-1.684955E-05	
2357	-3.088194E-06	-1.792030E-05	
2358	-3.190339E-06	-1.913009E-05	
2359	-3.272466E-06	-2.048500E-05	
2360	-3.293129E-06	-2.196053E-05	
2361	-3.205104E-06	-2.347992E-05	
2362	-2.987839E-06	-2.491820E-05	
2363	-2.666631E-06	-2.615296E-05	
2364	-2.299223E-06	-2.712725E-05	
2365	-1.936019E-06	-2.785717E-05	
2366	-1.600830E-06	-2.839344E-05	
2367	-1.295946E-06	-2.878684E-05	
2368	-1.014684E-06	-2.907446E-05	
2369	-7.496460E-07	-2.928019E-05	
2370	-4.949019E-07	-2.941878E-05	
2371	-2.461014E-07	-2.949891E-05	
2372	-5.669774E-14	-2.952515E-05	
2373	2.461014E-07	-2.949891E-05	
2374	4.949019E-07	-2.941878E-05	
2375	7.496461E-07	-2.928019E-05	
2376	1.014684E-06	-2.907446E-05	
2377	1.295946E-06	-2.878684E-05	
2378	1.600830E-06	-2.839344E-05	
2379	1.936019E-06	-2.785717E-05	
2380	2.299223E-06	-2.712725E-05	
2381	2.666631E-06	-2.615296E-05	
2382	2.987838E-06	-2.491820E-05	
2383	3.205104E-06	-2.347992E-05	
2384	3.293129E-06	-2.196053E-05	
2385	3.272466E-06	-2.048500E-05	
2386	3.190338E-06	-1.913009E-05	
2387	3.088194E-06	-1.792030E-05	
2388	2.991385E-06	-1.684955E-05	
2389	2.910155E-06	-1.590007E-05	
2390	2.846960E-06	-1.505249E-05	
2391	2.800543E-06	-1.428829E-05	
2392	2.768077E-06	-1.359035E-05	
2393	2.746108E-06	-1.294265E-05	
2394	2.730908E-06	-1.232973E-05	
2395	2.718591E-06	-1.173605E-05	
2396	2.705126E-06	-1.114490E-05	
2397	2.686024E-06	-1.053639E-05	
2398	-2.048537E-06	-1.049150E-05	
2399	-2.061064E-06	-1.111754E-05	
2400	-2.069073E-06	-1.172243E-05	
2401	-2.074606E-06	-1.232634E-05	
2402	-2.080794E-06	-1.294630E-05	
2403	-2.091383E-06	-1.359856E-05	
2404	-2.110568E-06	-1.429955E-05	
2405	-2.143115E-06	-1.506660E-05	
2406	-2.194434E-06	-1.591881E-05	
2407	-2.270292E-06	-1.687823E-05	
2408	-2.375591E-06	-1.797125E-05	
2409	-2.510483E-06	-1.922874E-05	
2410	-2.661236E-06	-2.068395E-05	
2411	-2.774003E-06	-2.234065E-05	
2412	-2.769632E-06	-2.411721E-05	
2413	-2.587347E-06	-2.581187E-05	
2414	-2.269666E-06	-2.719929E-05	
2415	-1.914984E-06	-2.821036E-05	
2416	-1.592571E-06	-2.891314E-05	
2417	-1.315495E-06	-2.940754E-05	
2418	-1.070103E-06	-2.976478E-05	
2419	-8.434771E-07	-3.002535E-05	
2420	-6.271167E-07	-3.021231E-05	
2421	-4.160528E-07	-3.033880E-05	
2422	-2.075263E-07	-3.041220E-05	
2423	2.663855E-14	-3.043628E-05	
2424	2.075264E-07	-3.041220E-05	
2425	4.160530E-07	-3.033880E-05	
2426	6.271169E-07	-3.021231E-05	
2427	8.434773E-07	-3.002535E-05	
2428	1.070103E-06	-2.976478E-05	
2429	1.315495E-06	-2.940754E-05	
2430	1.592571E-06	-2.891314E-05	
2431	1.914984E-06	-2.821036E-05	
2432	2.269666E-06	-2.719929E-05	
2433	2.587346E-06	-2.581187E-05	
2434	2.769632E-06	-2.411721E-05	
2435	2.774002E-06	-2.234065E-05	
2436	2.661236E-06	-2.068395E-05	
2437	2.510482E-06	-1.922874E-05	
2438	2.375590E-06	-1.797125E-05	
2439	2.270292E-06	-1.687823E-05	
2440	2.194433E-06	-1.591881E-05	
2441	2.143115E-06	-1.506660E-05	
2442	2.110568E-06	-1.429955E-05	
2443	2.091383E-06	-1.359856E-05	
2444	2.080794E-06	-1.294630E-05	
2445	2.074606E-06	-1.232634E-05	
2446	2.069073E-06	-1.172243E-05	
2447	2.061064E-06	-1.111754E-05	
2448	2.048537E-06	-1.049150E-05	
2449	-1.398134E-06	-1.046581E-05	
2450	-1.403495E-06	-1.109991E-05	
2451	-1.404003E-06	-1.171413E-05	
2452	-1.398934E-06	-1.232562E-05	
2453	-1.390162E-06	-1.295061E-05	
2454	-1.380526E-06	-1.360558E-05	
2455	-1.373818E-06	-1.430730E-05	
2456	-1.375122E-06	-1.507345E-05	
2457	-1.391234E-06	-1.592374E-05	
2458	-1.431171E-06	-1.688170E-05	
2459	-1.506644E-06	-1.797728E-05	
2460	-1.631782E-06	-1.925169E-05	
2461	-1.817860E-06	-2.076026E-05	
2462	-2.054460E-06	-2.258826E-05	
2463	-2.184435E-06	-2.470906E-05	
2464	-2.075729E-06	-2.679633E-05	
2465	-1.767388E-06	-2.835745E-05	
2466	-1.462890E-06	-2.934311E-05	
2467	-1.232932E-06	-2.997249E-05	
2468	-1.042266E-06	-3.040935E-05	
2469	-8.669379E-07	-3.072662E-05	
2470	-6.957707E-07	-3.096069E-05	
2471	-5.242337E-07	-3.113050E-05	
2472	-3.509433E-07	-3.124638E-05	
2473	-1.759594E-07	-3.131401E-05	
2474	2.497364E-13	-3.133627E-05	
2475	1.759599E-07	-3.131401E-05	
2476	3.509439E-07	-3.124638E-05	
2477	5.242341E-07	-3.113050E-05	
2478	6.957709E-07	-3.096069E-05	
2479	8.669378E-07	-3.072662E-05	
2480	1.042266E-06	-3.040935E-05	
2481	1.232932E-06	-2.997249E-05	
2482	1.462889E-06	-2.934311E-05	
2483	1.767388E-06	-2.835745E-05	
2484	2.075729E-06	-2.679633E-05	
2485	2.184434E-06	-2.470906E-05	
2486	2.054460E-06	-2.258826E-05	
2487	1.817860E-06	-2.076026E-05	
2488	1.631782E-06	-1.925169E-05	
2489	1.506644E-06	-1.797728E-05	
2490	1.431171E-06	-1.688170E-05	
2491	1.391233E-06	-1.592374E-05	
2492	1.375122E-06	-1.507345E-05	
2493	1.373818E-06	-1.430730E-05	
2494	1.380526E-06	-1.360558E-05	
2495	1.390162E-06	-1.295061E-05	
2496	1.398933E-06	-1.232562E-05	
2497	1.404002E-06	-1.171413E-05	
2498	1.403495E-06	-1.109991E-05	
2499	1.398134E-06	-1.046581E-05	
2500	-7.487816E-07	-1.045665E-05	
2501	-7.481821E-07	-1.109220E-05	
2502	-7.406698E-07	-1.171321E-05	
2503	-7.231938E-07	-1.233100E-05	
2504	-6.951585E-07	-1.296093E-05	
2505	-6.574966E-07	-1.361924E-05	
2506	-6.127433E-07	-1.432248E-05	
2507	-5.651284E-07	-1.508797E-05	
2508	-5.208786E-07	-1.593499E-05	
2509	-4.889546E-07	-1.688656E-05	
2510	-4.825792E-07	-1.797268E-05	
2511	-5.223191E-07	-1.923548E-05	
2512	-6.419996E-07	-2.074463E-05	
2513	-8.949305E-07	-2.260338E-05	
2514	-1.345471E-06	-2.512651E-05	
2515	-1.363286E-06	-2.797718E-05	
2516	-1.134966E-06	-2.962658E-05	
2517	-1.029108E-06	-3.046905E-05	
2518	-9.440633E-07	-3.100890E-05	
2519	-8.450707E-07	-3.138960E-05	
2520	-7.292213E-07	-3.167201E-05	
2521	-5.991154E-07	-3.188396E-05	
2522	-4.581922E-07	-3.203971E-05	
2523	-3.095631E-07	-3.214696E-05	
2524	-1.559895E-07	-3.220993E-05	
2525	5.477044E-13	-3.223071E-05	
2526	1.559914E-07	-3.220994E-05	
2527	3.095641E-07	-3.214697E-05	
2528	4.581925E-07	-3.203971E-05	
2529	5.991153E-07	-3.188396E-05	
2530	7.292209E-07	-3.167201E-05	
2531	8.450703E-07	-3.138960E-05	
2532	9.440628E-07	-3.100890E-05	
2533	1.029107E-06	-3.046905E-05	
2534	1.134966E-06	-2.962658E-05	
2535	1.363286E-06	-2.797718E-05	
2536	1.345470E-06	-2.512651E-05	
2537	8.949301E-07	-2.260338E-05	
2538	6.419992E-07	-2.074463E-05	
2539	5.223187E-07	-1.923548E-05	
2540	4.825788E-07	-1.797268E-05	
2541	4.889542E-07	-1.688656E-05	
2542	5.208783E-07	-1.593499E-05	
2543	5.651280E-07	-1.508797E-05	
2544	6.127430E-07	-1.432248E-05	
2545	6.574963E-07	-1.361924E-05	
2546	6.951582E-07	-1.296093E-05	
2547	7.231935E-07	-1.233100E-05	
2548	7.406696E-07	-1.171321E-05	
2549	7.481819E-07	-1.109220E-05	
2550	7.487813E-07	-1.045665E-05	
2551	-1.084892E-07	-1.045552E-05	
2552	-1.073545E-07	-1.109157E-05	
2553	-9.806893E-08	-1.171839E-05	
2554	-7.140598E-08	-1.234353E-05	
2555	-2.286455E-08	-1.298104E-05	
2556	4.844776E-08	-1.364633E-05	
2557	1.411965E-07	-1.435529E-05	
2558	2.525775E-07	-1.512468E-05	
2559	3.785968E-07	-1.597310E-05	
2560	5.139724E-07	-1.692272E-05	
2561	6.514830E-07	-1.800194E-05	
2562	7.806719E-07	-1.925156E-05	
2563	8.815544E-07	-2.073166E-05	
2564	9.168917E-07	-2.257875E-05	
2565	6.961839E-07	-2.491247E-05	
2566	-3.081400E-07	-2.944191E-05	
2567	-7.287268E-07	-3.083688E-05	
2568	-8.714651E-07	-3.156373E-05	
2569	-8.678791E-07	-3.202962E-05	
2570	-8.004358E-07	-3.236380E-05	
2571	-6.989488E-07	-3.261604E-05	
2572	-5.772383E-07	-3.280812E-05	
2573	-4.425278E-07	-3.295094E-05	
2574	-2.993259E-07	-3.305015E-05	
2575	-1.509088E-07	-3.310874E-05	
2576	4.739463E-12	-3.312812E-05	
2577	1.509110E-07	-3.310874E-05	
2578	2.993259E-07	-3.305015E-05	
2579	4.425273E-07	-3.295094E-05	
2580	5.772376E-07	-3.280812E-05	
2581	6.989480E-07	-3.261604E-05	
2582	8.004350E-07	-3.236380E-05	
2583	8.678783E-07	-3.202962E-05	
2584	8.714644E-07	-3.156373E-05	
2585	7.287261E-07	-3.083688E-05	
2586	3.081394E-07	-2.944191E-05	
2587	-6.961844E-07	-2.491247E-05	
2588	-9.168922E-07	-2.257875E-05	
2589	-8.815548E-07	-2.073166E-05	
2590	-7.806723E-07	-1.925156E-05	
2591	-6.514834E-07	-1.800194E-05	
2592	-5.139728E-07	-1.692272E-05	
2593	-3.785972E-07	-1.597310E-05	
2594	-2.525779E-07	-1.512468E-05	
2595	-1.411969E-07	-1.435529E-05	
2596	-4.844810E-08	-1.364633E-05	
2597	2.286423E-08	-1.298104E-05	
2598	7.140568E-08	-1.234353E-05	
2599	9.806865E-08	-1.171839E-05	
2600	1.073542E-07	-1.109157E-05	
2601	1.084890E-07	-1.045552E-05	
2602	-1.123972E-06	-3.026841E-05	
2603	-1.000047E-06	-3.120830E-05	
2604	-9.325718E-07	-3.159913E-05	
2605	-8.551738E-07	-3.193690E-05	
2606	-7.672208E-07	-3.221287E-05	
2607	-6.640709E-07	-3.244165E-05	
2608	-5.475614E-07	-3.262597E-05	
2609	-4.201619E-07	-3.276799E-05	
2610	-2.846169E-07	-3.286883E-05	
2611	-1.436595E-07	-3.292914E-05	
2612	-2.128948E-12	-3.294920E-05	
2613	1.436578E-07	-3.292914E-05	
2614	2.846160E-07	-3.286883E-05	
2615	4.201612E-07	-3.276799E-05	
2616	5.475608E-07	-3.262597E-05	
2617	6.640704E-07	-3.244165E-05	
2618	7.672204E-07	-3.221287E-05	
2619	8.551734E-07	-3.193690E-05	
2620	9.325714E-07	-3.159913E-05	
2621	1.000046E-06	-3.120830E-05	
2622	1.123971E-06	-3.026841E-05	
2623	-1.259531E-06	-3.143609E-05	
2624	-9.572891E-07	-3.167456E-05	
2625	-8.561809E-07	-3.203964E-05	
2626	-7.647121E-07	-3.233215E-05	
2627	-6.731383E-07	-3.258928E-05	
2628	-5.761193E-07	-3.280669E-05	
2629	-4.719508E-07	-3.298487E-05	
2630	-3.608253E-07	-3.312354E-05	
2631	-2.439398E-07	-3.322266E-05	
2632	-1.230088E-07	-3.328217E-05	
2633	-6.188307E-13	-3.330201E-05	
2634	1.230073E-07	-3.328217E-05	
2635	2.439385E-07	-3.322266E-05	
2636	3.608244E-07	-3.312354E-05	
2637	4.719500E-07	-3.298487E-05	
2638	5.761186E-07	-3.280670E-05	
2639	6.731377E-07	-3.258928E-05	
2640	7.647115E-07	-3.233215E-05	
2641	8.561803E-07	-3.203964E-05	
2642	9.572885E-07	-3.167456E-05	
2643	1.259530E-06	-3.143609E-05	
2644	-1.339984E-06	-3.223190E-05	
2645	-1.078607E-06	-3.228922E-05	
2646	-8.857425E-07	-3.250652E-05	
2647	-7.562387E-07	-3.275333E-05	
2648	-6.448477E-07	-3.298034E-05	
2649	-5.399003E-07	-3.318074E-05	
2650	-4.356809E-07	-3.334870E-05	
2651	-3.297966E-07	-3.348146E-05	
2652	-2.215767E-07	-3.357728E-05	
2653	-1.113513E-07	-3.363515E-05	
2654	-5.058305E-13	-3.365450E-05	
2655	1.113503E-07	-3.363515E-05	
2656	2.215756E-07	-3.357728E-05	
2657	3.297956E-07	-3.348146E-05	
2658	4.356800E-07	-3.334870E-05	
2659	5.398995E-07	-3.318074E-05	
2660	6.448469E-07	-3.298034E-05	
2661	7.562380E-07	-3.275333E-05	
2662	8.857418E-07	-3.250652E-05	
2663	1.078606E-06	-3.228922E-05	
2664	1.339984E-06	-3.223190E-05	
2665	-1.418165E-06	-3.287113E-05	
2666	-1.172382E-06	-3.288341E-05	
2667	-9.630016E-07	-3.301446E-05	
2668	-7.966143E-07	-3.319877E-05	
2669	-6.610929E-07	-3.339107E-05	
2670	-5.412554E-07	-3.356915E-05	
2671	-4.293734E-07	-3.372325E-05	
2672	-3.210231E-07	-3.384749E-05	
2673	-2.139020E-07	-3.393834E-05	
2674	-1.069862E-07	-3.399364E-05	
2675	-4.322462E-13	-3.401220E-05	
2676	1.069853E-07	-3.399364E-05	
2677	2.139010E-07	-3.393834E-05	
2678	3.210222E-07	-3.384749E-05	
2679	4.293725E-07	-3.372325E-05	
2680	5.412545E-07	-3.356915E-05	
2681	6.610920E-07	-3.339107E-05	
2682	7.966135E-07	-3.319877E-05	
2683	9.630008E-07	-3.301446E-05	
2684	1.172381E-06	-3.288341E-05	
2685	1.418164E-06	-3.287113E-05	
2686	-1.474948E-06	-3.343872E-05	
2687	-1.246354E-06	-3.343944E-05	
2688	-1.035384E-06	-3.352518E-05	
2689	-8.538353E-07	-3.366244E-05	
2690	-6.993479E-07	-3.381907E-05	
2691	-5.645471E-07	-3.397309E-05	
2692	-4.421603E-07	-3.411111E-05	
2693	-3.272070E-07	-3.422503E-05	
2694	-2.164196E-07	-3.430962E-05	
2695	-1.077690E-07	-3.436160E-05	
2696	-4.031257E-13	-3.437912E-05	
2697	1.077682E-07	-3.436160E-05	
2698	2.164188E-07	-3.430962E-05	
2699	3.272060E-07	-3.422503E-05	
2700	4.421594E-07	-3.411111E-05	
2701	5.645462E-07	-3.397309E-05	
2702	6.993470E-07	-3.381907E-05	
2703	8.538344E-07	-3.366244E-05	
2704	1.035384E-06	-3.352518E-05	
2705	1.246353E-06	-3.343944E-05	
2706	1.474947E-06	-3.343872E-05	
2707	-1.516460E-06	-3.396213E-05	
2708	-1.300388E-06	-3.396315E-05	
2709	-1.093916E-06	-3.402577E-05	
2710	-9.070763E-07	-3.413138E-05	
2711	-7.420903E-07	-3.425888E-05	
2712	-5.958587E-07	-3.439025E-05	
2713	-4.636386E-07	-3.451214E-05	
2714	-3.409809E-07	-3.461519E-05	
2715	-2.244260E-07	-3.469296E-05	
2716	-1.114090E-07	-3.474123E-05	
2717	-3.979859E-13	-3.475758E-05	
2718	1.114082E-07	-3.474123E-05	
2719	2.244251E-07	-3.469296E-05	
2720	3.409800E-07	-3.461519E-05	
2721	4.636377E-07	-3.451214E-05	
2722	5.958578E-07	-3.439025E-05	
2723	7.420894E-07	-3.425888E-05	
2724	9.070754E-07	-3.413138E-05	
2725	1.093915E-06	-3.402577E-05	
2726	1.300388E-06	-3.396315E-05	
2727	1.516459E-06	-3.396213E-05	
2728	-1.542330E-06	-3.445553E-05	
2729	-1.335785E-06	-3.446219E-05	
2730	-1.134721E-06	-3.451337E-05	
2731	-9.476554E-07	-3.459862E-05	
2732	-7.778600E-07	-3.470438E-05	
2733	-6.245838E-07	-3.481696E-05	
2734	-4.849760E-07	-3.492442E-05	
2735	-3.556502E-07	-3.501727E-05	
2736	-2.334493E-07	-3.508843E-05	
2737	-1.156715E-07	-3.513302E-05	
2738	-3.997889E-13	-3.514820E-05	
2739	1.156707E-07	-3.513302E-05	
2740	2.334484E-07	-3.508843E-05	
2741	3.556493E-07	-3.501727E-05	
2742	4.849751E-07	-3.492442E-05	
2743	6.245829E-07	-3.481696E-05	
2744	7.778591E-07	-3.470438E-05	
2745	9.476545E-07	-3.459862E-05	
2746	1.134720E-06	-3.451337E-05	
2747	1.335784E-06	-3.446219E-05	
2748	1.542329E-06	-3.445553E-05	
2749	-1.551793E-06	-3.492808E-05	
2750	-1.352065E-06	-3.494299E-05	
2751	-1.156042E-06	-3.498880E-05	
2752	-9.708793E-07	-3.506100E-05	
2753	-7.997838E-07	-3.515132E-05	
2754	-6.430004E-07	-3.524949E-05	
2755	-4.989785E-07	-3.534521E-05	
2756	-3.653141E-07	-3.542936E-05	
2757	-2.393454E-07	-3.549467E-05	
2758	-1.184262E-07	-3.553594E-05	
2759	-3.977293E-13	-3.555004E-05	
2760	1.184254E-07	-3.553594E-05	
2761	2.393445E-07	-3.549467E-05	
2762	3.653132E-07	-3.542936E-05	
2763	4.989777E-07	-3.534521E-05	
2764	6.429995E-07	-3.524949E-05	
2765	7.997829E-07	-3.515132E-05	
2766	9.708784E-07	-3.506100E-05	
2767	1.156041E-06	-3.498880E-05	
2768	1.352064E-06	-3.494299E-05	
2769	1.551793E-06	-3.492808E-05	
2770	-1.544368E-06	-3.538748E-05	
2771	-1.348909E-06	-3.541085E-05	
2772	-1.156784E-06	-3.545398E-05	
2773	-9.738410E-07	-3.551763E-05	
2774	-8.029333E-07	-3.559723E-05	
2775	-6.449365E-07	-3.568490E-05	
2776	-4.992855E-07	-3.577159E-05	
2777	-3.643994E-07	-3.584872E-05	
2778	-2.380303E-07	-3.590912E-05	
2779	-1.175243E-07	-3.594751E-05	
2780	-3.936617E-13	-3.596066E-05	
2781	1.175235E-07	-3.594751E-05	
2782	2.380295E-07	-3.590912E-05	
2783	3.643986E-07	-3.584872E-05	
2784	4.992846E-07	-3.577159E-05	
2785	6.449356E-07	-3.568490E-05	
2786	8.029324E-07	-3.559723E-05	
2787	9.738401E-07	-3.551763E-05	
2788	1.156783E-06	-3.545398E-05	
2789	1.348908E-06	-3.541085E-05	
2790	1.544367E-06	-3.538748E-05	
2791	-1.521833E-06	-3.584113E-05	
2792	-1.327826E-06	-3.587042E-05	
2793	-1.137089E-06	-3.591150E-05	
2794	-9.542081E-07	-3.596929E-05	
2795	-7.824946E-07	-3.604137E-05	
2796	-6.239373E-07	-3.612124E-05	
2797	-4.790047E-07	-3.620078E-05	
2798	-3.467159E-07	-3.627200E-05	
2799	-2.249011E-07	-3.632802E-05	
2800	-1.105248E-07	-3.636374E-05	
2801	-3.812466E-13	-3.637599E-05	
2802	1.105240E-07	-3.636374E-05	
2803	2.249003E-07	-3.632802E-05	
2804	3.467151E-07	-3.627200E-05	
2805	4.790039E-07	-3.620078E-05	
2806	6.239365E-07	-3.612124E-05	
2807	7.824937E-07	-3.604137E-05	
2808	9.542072E-07	-3.596929E-05	
2809	1.137088E-06	-3.591150E-05	
2810	1.327825E-06	-3.587042E-05	
2811	1.521832E-06	-3.584113E-05	
2812	-1.491041E-06	-3.629512E-05	
2813	-1.295040E-06	-3.632650E-05	
2814	-1.098914E-06	-3.636603E-05	
2815	-9.089118E-07	-3.641934E-05	
2816	-7.315346E-07	-3.648502E-05	
2817	-5.710145E-07	-3.655762E-05	
2818	-4.288642E-07	-3.662999E-05	
2819	-3.041511E-07	-3.669492E-05	
2820	-1.940301E-07	-3.674609E-05	
2821	-9.431642E-08	-3.677876E-05	
2822	-3.572036E-13	-3.678998E-05	
2823	9.431570E-08	-3.677876E-05	
2824	1.940293E-07	-3.674609E-05	
2825	3.041503E-07	-3.669492E-05	
2826	4.288634E-07	-3.662999E-05	
2827	5.710136E-07	-3.655762E-05	
2828	7.315337E-07	-3.648502E-05	
2829	9.089108E-07	-3.641934E-05	
2830	1.098913E-06	-3.636603E-05	
2831	1.295039E-06	-3.632650E-05	
2832	1.491040E-06	-3.629512E-05	
